0 0.197265625 0.75 0.03203125 0.05555555555555555 
0 0.36875 0.5798611111111112 0.01875 0.03194444444444444 
0 0.368359375 0.5798611111111112 0.01953125 0.03194444444444444 
0 0.563671875 0.5534722222222223 0.01640625 0.02361111111111111 
0 0.3671875 0.5409722222222222 0.009375 0.02638888888888889 
0 0.3671875 0.5409722222222222 0.009375 0.02638888888888889 
0 0.558203125 0.4965277777777778 0.00859375 0.0125 
0 0.58125 0.5 0.0109375 0.022222222222222223 
0 0.455078125 0.4701388888888889 0.01015625 0.03194444444444444 
0 0.455078125 0.4701388888888889 0.01015625 0.03194444444444444 
