0 0.29296875 0.6173611111111111 0.0203125 0.0375 
0 0.29296875 0.6173611111111111 0.0203125 0.0375 
0 0.39453125 0.525 0.0125 0.027777777777777776 
0 0.394140625 0.525 0.01328125 0.027777777777777776 
0 0.556640625 0.5069444444444444 0.01484375 0.019444444444444445 
0 0.38984375 0.49722222222222223 0.0078125 0.022222222222222223 
0 0.575390625 0.46597222222222223 0.01015625 0.018055555555555554 
0 0.575 0.46597222222222223 0.009375 0.018055555555555554 
0 0.460546875 0.4423611111111111 0.01171875 0.02638888888888889 
0 0.460546875 0.4423611111111111 0.01171875 0.02638888888888889 
