0 0.686328125 0.6270833333333333 0.06171875 0.07361111111111111 
0 0.687109375 0.6256944444444444 0.06328125 0.0763888888888889 
0 0.401953125 0.5041666666666667 0.01015625 0.027777777777777776 
0 0.553515625 0.4701388888888889 0.01015625 0.02361111111111111 
0 0.553515625 0.4701388888888889 0.01015625 0.02361111111111111 
0 0.425 0.4513888888888889 0.009375 0.016666666666666666 
0 0.425 0.4513888888888889 0.009375 0.016666666666666666 
0 0.5234375 0.44027777777777777 0.0078125 0.013888888888888888 
0 0.5234375 0.44027777777777777 0.0078125 0.013888888888888888 
0 0.511328125 0.42916666666666664 0.00703125 0.013888888888888888 
