0 0.668359375 0.5993055555555555 0.05703125 0.07083333333333333 
0 0.407421875 0.49375 0.01015625 0.02638888888888889 
0 0.407421875 0.49375 0.01015625 0.02638888888888889 
0 0.553515625 0.46597222222222223 0.01171875 0.02361111111111111 
0 0.553515625 0.46597222222222223 0.01171875 0.02361111111111111 
0 0.42890625 0.4465277777777778 0.0078125 0.015277777777777777 
0 0.524609375 0.4375 0.00859375 0.013888888888888888 
0 0.525 0.4375 0.0078125 0.013888888888888888 
0 0.512890625 0.42569444444444443 0.00703125 0.0125 
0 0.5125 0.42569444444444443 0.00625 0.0125 
