0 0.60859375 0.6041666666666666 0.021875 0.03611111111111111 
0 0.60859375 0.6041666666666666 0.021875 0.03611111111111111 
0 0.472265625 0.4951388888888889 0.01015625 0.015277777777777777 
0 0.472265625 0.4951388888888889 0.01015625 0.015277777777777777 
0 0.51484375 0.4638888888888889 0.0078125 0.013888888888888888 
0 0.51484375 0.4638888888888889 0.0078125 0.013888888888888888 
0 0.455859375 0.45902777777777776 0.01171875 0.015277777777777777 
0 0.455859375 0.45902777777777776 0.01171875 0.015277777777777777 
0 0.51875 0.4423611111111111 0.00625 0.009722222222222222 
0 0.51875 0.4423611111111111 0.00625 0.009722222222222222 
