0 0.336328125 0.5486111111111112 0.01484375 0.025 
0 0.336328125 0.5486111111111112 0.01484375 0.025 
0 0.528125 0.4888888888888889 0.009375 0.016666666666666666 
0 0.526953125 0.4875 0.01015625 0.019444444444444445 
0 0.39921875 0.4840277777777778 0.009375 0.015277777777777777 
0 0.396484375 0.49166666666666664 0.01640625 0.03611111111111111 
0 0.548046875 0.4576388888888889 0.00859375 0.018055555555555554 
0 0.54765625 0.4576388888888889 0.0078125 0.018055555555555554 
0 0.45078125 0.4409722222222222 0.0078125 0.015277777777777777 
0 0.45 0.4395833333333333 0.009375 0.018055555555555554 
