0 0.3078125 0.5736111111111111 0.0171875 0.027777777777777776 
0 0.3078125 0.5743055555555555 0.0171875 0.029166666666666667 
0 0.526171875 0.49583333333333335 0.01171875 0.019444444444444445 
0 0.526171875 0.49583333333333335 0.01171875 0.019444444444444445 
0 0.384375 0.5006944444444444 0.015625 0.043055555555555555 
0 0.384765625 0.5006944444444444 0.01484375 0.043055555555555555 
0 0.547265625 0.4618055555555556 0.01015625 0.020833333333333332 
0 0.547265625 0.4618055555555556 0.01015625 0.020833333333333332 
0 0.44296875 0.4444444444444444 0.0109375 0.025 
0 0.44296875 0.4444444444444444 0.0109375 0.025 
