0 0.14921875 0.7729166666666667 0.0390625 0.0625 
0 0.35703125 0.5652777777777778 0.0203125 0.03611111111111111 
0 0.565625 0.5326388888888889 0.0171875 0.02638888888888889 
0 0.565625 0.5326388888888889 0.0171875 0.02638888888888889 
0 0.359375 0.5208333333333334 0.0109375 0.030555555555555555 
0 0.558984375 0.4708333333333333 0.00859375 0.011111111111111112 
0 0.5828125 0.4736111111111111 0.0109375 0.022222222222222223 
0 0.582421875 0.4736111111111111 0.01015625 0.022222222222222223 
0 0.45234375 0.44375 0.0125 0.02361111111111111 
0 0.451953125 0.4444444444444444 0.01171875 0.025 
