0 0.2625 0.7166666666666667 0.0359375 0.06666666666666667 
0 0.2609375 0.7152777777777778 0.0359375 0.06944444444444445 
0 0.639453125 0.6229166666666667 0.02890625 0.043055555555555555 
0 0.639453125 0.6229166666666667 0.02890625 0.043055555555555555 
0 0.305859375 0.5875 0.01484375 0.044444444444444446 
0 0.63359375 0.5006944444444444 0.0140625 0.029166666666666667 
0 0.5984375 0.4909722222222222 0.0109375 0.0125 
0 0.5984375 0.4909722222222222 0.0109375 0.0125 
0 0.46328125 0.45 0.0140625 0.030555555555555555 
0 0.4625 0.4513888888888889 0.0140625 0.03333333333333333 
