0 0.2984375 0.6458333333333334 0.0296875 0.05277777777777778 
0 0.6015625 0.5784722222222223 0.021875 0.0375 
0 0.6015625 0.5784722222222223 0.021875 0.0375 
0 0.316796875 0.5569444444444445 0.01484375 0.03888888888888889 
0 0.570703125 0.4798611111111111 0.01171875 0.009722222222222222 
0 0.570703125 0.4798611111111111 0.01171875 0.009722222222222222 
0 0.60234375 0.4861111111111111 0.0125 0.025 
0 0.60234375 0.4861111111111111 0.0125 0.025 
0 0.444140625 0.44513888888888886 0.01328125 0.03194444444444444 
0 0.444140625 0.44513888888888886 0.01328125 0.03194444444444444 
