0 0.76328125 0.7486111111111111 0.053125 0.06944444444444445 
0 0.762890625 0.7486111111111111 0.05390625 0.06944444444444445 
0 0.60078125 0.4625 0.0234375 0.030555555555555555 
0 0.60078125 0.4625 0.0234375 0.030555555555555555 
0 0.48671875 0.4465277777777778 0.0078125 0.018055555555555554 
0 0.48671875 0.4465277777777778 0.0078125 0.018055555555555554 
0 0.57421875 0.4340277777777778 0.0078125 0.015277777777777777 
0 0.57421875 0.4340277777777778 0.0078125 0.015277777777777777 
0 0.492578125 0.42777777777777776 0.00859375 0.013888888888888888 
0 0.492578125 0.42777777777777776 0.00859375 0.013888888888888888 
