0 0.629296875 0.5493055555555556 0.03203125 0.0375 
0 0.629296875 0.5493055555555556 0.03203125 0.0375 
0 0.583984375 0.43819444444444444 0.01796875 0.02361111111111111 
0 0.583203125 0.43680555555555556 0.01953125 0.02638888888888889 
0 0.490625 0.4305555555555556 0.00625 0.013888888888888888 
0 0.490625 0.4305555555555556 0.00625 0.013888888888888888 
0 0.567578125 0.41875 0.00703125 0.015277777777777777 
0 0.567578125 0.41875 0.00703125 0.015277777777777777 
0 0.495703125 0.4152777777777778 0.00546875 0.011111111111111112 
0 0.557421875 0.4076388888888889 0.00546875 0.0125 
