0 0.59296875 0.5222222222222223 0.0265625 0.027777777777777776 
0 0.59296875 0.5222222222222223 0.0265625 0.027777777777777776 
0 0.475 0.42986111111111114 0.0078125 0.0125 
0 0.475 0.42986111111111114 0.0078125 0.0125 
0 0.560546875 0.4340277777777778 0.01953125 0.02361111111111111 
0 0.54765625 0.4173611111111111 0.0078125 0.009722222222222222 
0 0.54765625 0.4173611111111111 0.0078125 0.009722222222222222 
0 0.479296875 0.4166666666666667 0.00546875 0.011111111111111112 
0 0.479296875 0.4166666666666667 0.00546875 0.011111111111111112 
0 0.5359375 0.4041666666666667 0.0109375 0.008333333333333333 
