0 0.312109375 0.6506944444444445 0.02421875 0.04027777777777778 
0 0.312109375 0.6506944444444445 0.02421875 0.04027777777777778 
0 0.425390625 0.5354166666666667 0.01484375 0.029166666666666667 
0 0.600390625 0.5145833333333333 0.01484375 0.02361111111111111 
0 0.600390625 0.5131944444444444 0.01484375 0.02361111111111111 
0 0.4203125 0.5027777777777778 0.009375 0.025 
0 0.419921875 0.5027777777777778 0.00859375 0.025 
0 0.616015625 0.47291666666666665 0.01015625 0.018055555555555554 
0 0.592578125 0.4673611111111111 0.00859375 0.009722222222222222 
0 0.61484375 0.47152777777777777 0.0109375 0.020833333333333332 
0 0.4921875 0.4423611111111111 0.0125 0.02638888888888889 
0 0.4921875 0.4423611111111111 0.0125 0.02638888888888889 
