0 0.26796875 0.6458333333333334 0.0234375 0.041666666666666664 
0 0.26796875 0.6465277777777778 0.0234375 0.043055555555555555 
0 0.386328125 0.5340277777777778 0.01640625 0.029166666666666667 
0 0.386328125 0.5340277777777778 0.01640625 0.029166666666666667 
0 0.55859375 0.5131944444444444 0.0140625 0.018055555555555554 
0 0.55859375 0.5125 0.0140625 0.019444444444444445 
0 0.383203125 0.5034722222222222 0.00859375 0.02361111111111111 
0 0.383203125 0.5034722222222222 0.00859375 0.02361111111111111 
0 0.576953125 0.46944444444444444 0.01015625 0.019444444444444445 
0 0.557421875 0.4673611111111111 0.00703125 0.015277777777777777 
0 0.55703125 0.4666666666666667 0.0078125 0.013888888888888888 
0 0.458984375 0.44305555555555554 0.01171875 0.027777777777777776 
