0 0.306640625 0.5763888888888888 0.01640625 0.030555555555555555 
0 0.52578125 0.49583333333333335 0.0109375 0.019444444444444445 
0 0.52578125 0.49583333333333335 0.0109375 0.019444444444444445 
0 0.3828125 0.5020833333333333 0.015625 0.043055555555555555 
0 0.54765625 0.46597222222222223 0.0078125 0.015277777777777777 
0 0.53046875 0.46319444444444446 0.0078125 0.009722222222222222 
0 0.53046875 0.46319444444444446 0.0078125 0.009722222222222222 
0 0.546484375 0.46458333333333335 0.00859375 0.018055555555555554 
0 0.44375 0.44583333333333336 0.009375 0.022222222222222223 
0 0.44296875 0.4444444444444444 0.0109375 0.025 
