0 0.275 0.6409722222222223 0.0234375 0.04027777777777778 
0 0.275 0.6409722222222223 0.0234375 0.04027777777777778 
0 0.3890625 0.5340277777777778 0.0140625 0.029166666666666667 
0 0.3890625 0.5340277777777778 0.0140625 0.029166666666666667 
0 0.557421875 0.5131944444444444 0.01484375 0.02361111111111111 
0 0.38515625 0.5041666666666667 0.009375 0.022222222222222223 
0 0.384765625 0.5041666666666667 0.00859375 0.022222222222222223 
0 0.55703125 0.46875 0.0078125 0.0125 
0 0.55703125 0.46944444444444444 0.0078125 0.011111111111111112 
0 0.576953125 0.4708333333333333 0.01015625 0.022222222222222223 
0 0.459375 0.44513888888888886 0.0109375 0.02638888888888889 
