0 0.397265625 0.4895833333333333 0.01015625 0.015277777777777777 
0 0.397265625 0.4895833333333333 0.01015625 0.015277777777777777 
0 0.425390625 0.4673611111111111 0.01015625 0.018055555555555554 
0 0.41796875 0.46041666666666664 0.0046875 0.015277777777777777 
0 0.515234375 0.45902777777777776 0.00859375 0.015277777777777777 
0 0.51484375 0.45902777777777776 0.0078125 0.015277777777777777 
0 0.53359375 0.4444444444444444 0.00625 0.013888888888888888 
0 0.53359375 0.4444444444444444 0.00625 0.013888888888888888 
0 0.4546875 0.4340277777777778 0.009375 0.020833333333333332 
0 0.4546875 0.4340277777777778 0.009375 0.020833333333333332 
