0 0.671875 0.61875 0.0359375 0.043055555555555555 
0 0.671484375 0.61875 0.03671875 0.043055555555555555 
0 0.58828125 0.45208333333333334 0.0203125 0.02638888888888889 
0 0.485546875 0.44166666666666665 0.00703125 0.016666666666666666 
0 0.485546875 0.44166666666666665 0.00703125 0.016666666666666666 
0 0.56640625 0.4284722222222222 0.00625 0.015277777777777777 
0 0.490625 0.4263888888888889 0.00625 0.013888888888888888 
0 0.555859375 0.4166666666666667 0.00546875 0.011111111111111112 
0 0.555859375 0.4166666666666667 0.00546875 0.011111111111111112 
0 0.54921875 0.4131944444444444 0.00625 0.009722222222222222 
0 0.54921875 0.4131944444444444 0.00625 0.009722222222222222 
