0 0.06953125 0.8666666666666667 0.03125 0.08333333333333333 
0 0.06953125 0.8673611111111111 0.03125 0.08194444444444444 
0 0.34140625 0.5819444444444445 0.0203125 0.03888888888888889 
0 0.5703125 0.5444444444444444 0.0171875 0.025 
0 0.5703125 0.54375 0.01875 0.029166666666666667 
0 0.34609375 0.5291666666666667 0.0109375 0.030555555555555555 
0 0.34609375 0.5291666666666667 0.0109375 0.030555555555555555 
0 0.58515625 0.4798611111111111 0.0125 0.02361111111111111 
0 0.558203125 0.4736111111111111 0.01171875 0.013888888888888888 
0 0.55859375 0.47430555555555554 0.0125 0.015277777777777777 
0 0.44765625 0.4479166666666667 0.0125 0.02361111111111111 
