0 0.6421875 0.5680555555555555 0.034375 0.03333333333333333 
0 0.6421875 0.56875 0.034375 0.03194444444444444 
0 0.5875 0.4444444444444444 0.0203125 0.025 
0 0.490625 0.43680555555555556 0.00625 0.0125 
0 0.490625 0.43680555555555556 0.00625 0.0125 
0 0.569921875 0.425 0.00859375 0.013888888888888888 
0 0.569921875 0.425 0.00859375 0.013888888888888888 
0 0.49609375 0.4215277777777778 0.00625 0.009722222222222222 
0 0.49609375 0.4215277777777778 0.00625 0.009722222222222222 
0 0.558984375 0.4125 0.00546875 0.011111111111111112 
0 0.558984375 0.4125 0.00546875 0.011111111111111112 
0 0.55234375 0.4083333333333333 0.00625 0.011111111111111112 
0 0.55234375 0.4083333333333333 0.00625 0.011111111111111112 
