0 0.77734375 0.7340277777777777 0.09375 0.1125 
0 0.77734375 0.7340277777777777 0.09375 0.1125 
0 0.38671875 0.525 0.009375 0.027777777777777776 
0 0.38671875 0.525 0.009375 0.027777777777777776 
0 0.56171875 0.4798611111111111 0.0125 0.02638888888888889 
0 0.56171875 0.4798611111111111 0.0125 0.02638888888888889 
0 0.419921875 0.4576388888888889 0.00859375 0.018055555555555554 
0 0.52734375 0.44305555555555554 0.009375 0.016666666666666666 
0 0.526953125 0.44305555555555554 0.00859375 0.016666666666666666 
0 0.51328125 0.4305555555555556 0.00625 0.013888888888888888 
0 0.51328125 0.4305555555555556 0.00625 0.013888888888888888 
