0 0.148046875 0.8958333333333334 0.03984375 0.09722222222222222 
0 0.14921875 0.8951388888888889 0.0421875 0.09583333333333334 
0 0.66015625 0.5680555555555555 0.0234375 0.04722222222222222 
0 0.658984375 0.5694444444444444 0.02265625 0.05 
0 0.4 0.49722222222222223 0.0125 0.025 
0 0.4 0.49722222222222223 0.0125 0.025 
0 0.5671875 0.46319444444444446 0.0125 0.02361111111111111 
0 0.566796875 0.46319444444444446 0.01171875 0.02361111111111111 
0 0.543359375 0.4375 0.00859375 0.016666666666666666 
0 0.54296875 0.4375 0.0078125 0.016666666666666666 
