0 0.605078125 0.5034722222222222 0.03203125 0.04027777777777778 
0 0.605078125 0.5034722222222222 0.03203125 0.04027777777777778 
0 0.448046875 0.4618055555555556 0.00390625 0.020833333333333332 
0 0.448046875 0.4618055555555556 0.00390625 0.020833333333333332 
0 0.55546875 0.45069444444444445 0.0078125 0.018055555555555554 
0 0.45703125 0.4361111111111111 0.0078125 0.013888888888888888 
0 0.45703125 0.4361111111111111 0.0078125 0.013888888888888888 
0 0.5359375 0.4305555555555556 0.00625 0.011111111111111112 
0 0.535546875 0.4305555555555556 0.00546875 0.011111111111111112 
0 0.526953125 0.4236111111111111 0.00703125 0.011111111111111112 
0 0.526953125 0.4236111111111111 0.00703125 0.011111111111111112 
