0 0.13359375 0.8736111111111111 0.05 0.09166666666666666 
0 0.13359375 0.8736111111111111 0.05 0.09166666666666666 
0 0.391796875 0.5673611111111111 0.01953125 0.04027777777777778 
0 0.3921875 0.5673611111111111 0.0203125 0.04027777777777778 
0 0.62421875 0.5319444444444444 0.01875 0.027777777777777776 
0 0.62421875 0.5326388888888889 0.01875 0.02361111111111111 
0 0.391796875 0.5131944444444444 0.01015625 0.03194444444444444 
0 0.601953125 0.4597222222222222 0.01015625 0.011111111111111112 
0 0.630078125 0.4638888888888889 0.01171875 0.022222222222222223 
0 0.48515625 0.42777777777777776 0.0140625 0.030555555555555555 
