0 0.3796875 0.5243055555555556 0.0125 0.020833333333333332 
0 0.3796875 0.5243055555555556 0.0125 0.020833333333333332 
0 0.53984375 0.4777777777777778 0.0109375 0.013888888888888888 
0 0.53984375 0.4777777777777778 0.0109375 0.013888888888888888 
0 0.423046875 0.48194444444444445 0.01640625 0.030555555555555555 
0 0.423046875 0.48194444444444445 0.01640625 0.030555555555555555 
0 0.558984375 0.4548611111111111 0.00859375 0.015277777777777777 
0 0.558984375 0.4548611111111111 0.00859375 0.015277777777777777 
0 0.466796875 0.4395833333333333 0.00859375 0.020833333333333332 
0 0.466796875 0.4395833333333333 0.00859375 0.020833333333333332 
