0 0.248828125 0.725 0.03828125 0.06666666666666667 
0 0.246875 0.7236111111111111 0.0375 0.06944444444444445 
0 0.629296875 0.6229166666666667 0.02578125 0.043055555555555555 
0 0.6296875 0.6229166666666667 0.0265625 0.043055555555555555 
0 0.291015625 0.5902777777777778 0.01796875 0.044444444444444446 
0 0.61875 0.4986111111111111 0.0140625 0.027777777777777776 
0 0.61875 0.4986111111111111 0.0140625 0.027777777777777776 
0 0.5828125 0.4909722222222222 0.0125 0.0125 
0 0.5828125 0.4909722222222222 0.0125 0.0125 
0 0.44609375 0.44930555555555557 0.0140625 0.03194444444444444 
0 0.44609375 0.44930555555555557 0.0140625 0.03194444444444444 
