0 0.298828125 0.5770833333333333 0.01796875 0.029166666666666667 
0 0.298828125 0.5770833333333333 0.01796875 0.029166666666666667 
0 0.37890625 0.5104166666666666 0.0140625 0.02638888888888889 
0 0.52578125 0.4930555555555556 0.0125 0.019444444444444445 
0 0.52578125 0.4930555555555556 0.0125 0.019444444444444445 
0 0.382421875 0.5 0.00859375 0.041666666666666664 
0 0.375 0.48819444444444443 0.009375 0.02361111111111111 
0 0.546875 0.46111111111111114 0.009375 0.019444444444444445 
0 0.4421875 0.4395833333333333 0.0125 0.02361111111111111 
0 0.4421875 0.44027777777777777 0.0125 0.025 
