0 0.846875 0.8798611111111111 0.071875 0.09305555555555556 
0 0.846875 0.8798611111111111 0.071875 0.09305555555555556 
0 0.60234375 0.47430555555555554 0.0234375 0.03194444444444444 
0 0.60234375 0.47430555555555554 0.0234375 0.03194444444444444 
0 0.480859375 0.45208333333333334 0.00703125 0.018055555555555554 
0 0.480859375 0.45208333333333334 0.00703125 0.018055555555555554 
0 0.571875 0.44375 0.009375 0.015277777777777777 
0 0.571875 0.44375 0.009375 0.015277777777777777 
0 0.48671875 0.43333333333333335 0.0078125 0.013888888888888888 
0 0.486328125 0.43333333333333335 0.00703125 0.013888888888888888 
0 0.55703125 0.4270833333333333 0.00625 0.009722222222222222 
0 0.55703125 0.4270833333333333 0.00625 0.009722222222222222 
0 0.54921875 0.4222222222222222 0.00625 0.011111111111111112 
