0 0.623046875 0.5305555555555556 0.03984375 0.05 
0 0.623046875 0.5305555555555556 0.03984375 0.05 
0 0.431640625 0.46944444444444444 0.00859375 0.022222222222222223 
0 0.431640625 0.46944444444444444 0.00859375 0.022222222222222223 
0 0.552734375 0.45208333333333334 0.01015625 0.018055555555555554 
0 0.553125 0.45208333333333334 0.009375 0.018055555555555554 
0 0.44453125 0.43333333333333335 0.0078125 0.013888888888888888 
0 0.44453125 0.43333333333333335 0.0078125 0.013888888888888888 
0 0.5296875 0.42777777777777776 0.0078125 0.013888888888888888 
0 0.5296875 0.42777777777777776 0.0078125 0.013888888888888888 
0 0.519921875 0.41805555555555557 0.00703125 0.011111111111111112 
0 0.519921875 0.41805555555555557 0.00703125 0.011111111111111112 
