0 0.191015625 0.7555555555555555 0.03203125 0.05277777777777778 
0 0.191015625 0.75625 0.03203125 0.05416666666666667 
0 0.366796875 0.5847222222222223 0.01640625 0.030555555555555555 
0 0.365234375 0.5833333333333334 0.01640625 0.03333333333333333 
0 0.5640625 0.5548611111111111 0.015625 0.02361111111111111 
0 0.5640625 0.5548611111111111 0.015625 0.02361111111111111 
0 0.366015625 0.54375 0.01015625 0.02638888888888889 
0 0.580859375 0.5013888888888889 0.01015625 0.022222222222222223 
0 0.58046875 0.5013888888888889 0.009375 0.022222222222222223 
0 0.453125 0.4722222222222222 0.0125 0.027777777777777776 
