0 0.95234375 0.9652777777777778 0.053125 0.03888888888888889 
0 0.95234375 0.9652777777777778 0.053125 0.03888888888888889 
0 0.480078125 0.5472222222222223 0.03203125 0.041666666666666664 
0 0.480078125 0.5472222222222223 0.03203125 0.041666666666666664 
0 0.576953125 0.5180555555555556 0.01171875 0.022222222222222223 
0 0.696484375 0.5145833333333333 0.01328125 0.018055555555555554 
0 0.650390625 0.47638888888888886 0.01171875 0.011111111111111112 
0 0.650390625 0.47638888888888886 0.01171875 0.011111111111111112 
0 0.59140625 0.4756944444444444 0.00625 0.0125 
0 0.59140625 0.4756944444444444 0.00625 0.0125 
