0 0.86328125 0.8916666666666667 0.084375 0.08055555555555556 
0 0.60234375 0.4756944444444444 0.025 0.03194444444444444 
0 0.60234375 0.4756944444444444 0.025 0.03194444444444444 
0 0.479296875 0.45416666666666666 0.00703125 0.016666666666666666 
0 0.57109375 0.44027777777777777 0.00625 0.016666666666666666 
0 0.57109375 0.44027777777777777 0.00625 0.016666666666666666 
0 0.485546875 0.43333333333333335 0.00703125 0.013888888888888888 
0 0.556640625 0.4270833333333333 0.00546875 0.0125 
0 0.556640625 0.4270833333333333 0.00546875 0.0125 
0 0.5484375 0.4215277777777778 0.00625 0.009722222222222222 
0 0.5484375 0.4215277777777778 0.00625 0.009722222222222222 
