0 0.678125 0.63125 0.0390625 0.04861111111111111 
0 0.678515625 0.63125 0.03828125 0.04861111111111111 
0 0.589453125 0.45416666666666666 0.02109375 0.027777777777777776 
0 0.589453125 0.45416666666666666 0.02109375 0.027777777777777776 
0 0.485546875 0.44305555555555554 0.00703125 0.013888888888888888 
0 0.485546875 0.44305555555555554 0.00703125 0.013888888888888888 
0 0.567578125 0.42916666666666664 0.00703125 0.011111111111111112 
0 0.567578125 0.42916666666666664 0.00703125 0.011111111111111112 
0 0.49140625 0.4263888888888889 0.00625 0.011111111111111112 
0 0.49140625 0.4263888888888889 0.00625 0.011111111111111112 
0 0.555859375 0.41805555555555557 0.00546875 0.011111111111111112 
