0 0.3828125 0.6006944444444444 0.0453125 0.05416666666666667 
0 0.38203125 0.5993055555555555 0.046875 0.05694444444444444 
0 0.511328125 0.5388888888888889 0.01171875 0.027777777777777776 
0 0.511328125 0.5388888888888889 0.01171875 0.027777777777777776 
0 0.6453125 0.5305555555555556 0.015625 0.016666666666666666 
0 0.6453125 0.5305555555555556 0.015625 0.016666666666666666 
0 0.52109375 0.48333333333333334 0.0078125 0.011111111111111112 
0 0.52109375 0.48333333333333334 0.0078125 0.011111111111111112 
0 0.583203125 0.48194444444444445 0.01171875 0.011111111111111112 
0 0.583203125 0.48194444444444445 0.01171875 0.011111111111111112 
