0 0.24140625 0.6729166666666667 0.025 0.043055555555555555 
0 0.24140625 0.6722222222222223 0.025 0.044444444444444446 
0 0.37890625 0.5395833333333333 0.0171875 0.03194444444444444 
0 0.560546875 0.5145833333333333 0.01484375 0.02361111111111111 
0 0.3765625 0.50625 0.009375 0.02638888888888889 
0 0.3765625 0.50625 0.009375 0.02638888888888889 
0 0.5578125 0.46944444444444444 0.0109375 0.019444444444444445 
0 0.578125 0.46805555555555556 0.0109375 0.019444444444444445 
0 0.578125 0.46805555555555556 0.0109375 0.019444444444444445 
0 0.45625 0.4409722222222222 0.0125 0.02638888888888889 
0 0.455859375 0.4409722222222222 0.01171875 0.02638888888888889 
