0 0.64296875 0.5631944444444444 0.0484375 0.05694444444444444 
0 0.41796875 0.48055555555555557 0.009375 0.022222222222222223 
0 0.41796875 0.48055555555555557 0.009375 0.022222222222222223 
0 0.551953125 0.4576388888888889 0.01015625 0.020833333333333332 
0 0.551953125 0.4576388888888889 0.01015625 0.020833333333333332 
0 0.434765625 0.4395833333333333 0.00859375 0.015277777777777777 
0 0.434765625 0.4395833333333333 0.00859375 0.015277777777777777 
0 0.52578125 0.4326388888888889 0.0078125 0.015277777777777777 
0 0.52578125 0.4326388888888889 0.0078125 0.015277777777777777 
0 0.51484375 0.4222222222222222 0.00625 0.011111111111111112 
0 0.51484375 0.4222222222222222 0.00625 0.011111111111111112 
