0 0.458203125 0.6305555555555555 0.02265625 0.05 
0 0.458203125 0.6305555555555555 0.02265625 0.05 
0 0.494921875 0.5034722222222222 0.01328125 0.029166666666666667 
0 0.494921875 0.5034722222222222 0.01328125 0.029166666666666667 
0 0.6609375 0.4979166666666667 0.034375 0.04027777777777778 
0 0.6609375 0.4979166666666667 0.034375 0.0375 
0 0.6109375 0.45694444444444443 0.0109375 0.019444444444444445 
0 0.6109375 0.45694444444444443 0.0109375 0.019444444444444445 
0 0.592578125 0.4354166666666667 0.00703125 0.009722222222222222 
0 0.592578125 0.4354166666666667 0.00703125 0.009722222222222222 
