0 0.92734375 0.9409722222222222 0.1375 0.015277777777777777 
0 0.998046875 0.9048611111111111 0.00390625 0.08194444444444444 
0 0.928515625 0.8833333333333333 0.14296875 0.125 
0 0.371875 0.5444444444444444 0.0125 0.030555555555555555 
0 0.371484375 0.5444444444444444 0.01171875 0.030555555555555555 
0 0.569140625 0.4861111111111111 0.01328125 0.027777777777777776 
0 0.415625 0.4597222222222222 0.009375 0.019444444444444445 
0 0.529296875 0.4444444444444444 0.01015625 0.016666666666666666 
0 0.51484375 0.4284722222222222 0.009375 0.0125 
0 0.51484375 0.4284722222222222 0.009375 0.0125 
