0 0.580078125 0.5222222222222223 0.02421875 0.027777777777777776 
0 0.580078125 0.5222222222222223 0.02421875 0.027777777777777776 
0 0.469921875 0.43819444444444444 0.00546875 0.0125 
0 0.469921875 0.43819444444444444 0.00546875 0.0125 
0 0.553125 0.44027777777777777 0.0171875 0.027777777777777776 
0 0.540234375 0.43680555555555556 0.00703125 0.034722222222222224 
0 0.540234375 0.425 0.00703125 0.011111111111111112 
0 0.4734375 0.4236111111111111 0.00625 0.011111111111111112 
0 0.4734375 0.4236111111111111 0.00625 0.011111111111111112 
0 0.529296875 0.41458333333333336 0.01015625 0.0125 
0 0.529296875 0.41458333333333336 0.01015625 0.0125 
