0 0.33125 0.5784722222222223 0.0234375 0.04027777777777778 
0 0.331640625 0.5777777777777777 0.02265625 0.041666666666666664 
0 0.582421875 0.5354166666666667 0.01953125 0.02638888888888889 
0 0.582421875 0.5326388888888889 0.01953125 0.029166666666666667 
0 0.341015625 0.5159722222222223 0.01015625 0.034722222222222224 
0 0.569140625 0.45416666666666666 0.01015625 0.011111111111111112 
0 0.569140625 0.45416666666666666 0.01015625 0.011111111111111112 
0 0.595703125 0.45902777777777776 0.01171875 0.02361111111111111 
0 0.595703125 0.45902777777777776 0.01171875 0.02361111111111111 
0 0.451953125 0.4222222222222222 0.01328125 0.027777777777777776 
