0 0.388671875 0.5125 0.01171875 0.019444444444444445 
0 0.3890625 0.5125 0.0109375 0.019444444444444445 
0 0.42890625 0.48055555555555557 0.0109375 0.019444444444444445 
0 0.5359375 0.4722222222222222 0.0125 0.016666666666666666 
0 0.5359375 0.4722222222222222 0.0125 0.016666666666666666 
0 0.4203125 0.4701388888888889 0.00625 0.018055555555555554 
0 0.55390625 0.45208333333333334 0.0078125 0.015277777777777777 
0 0.55390625 0.45208333333333334 0.0078125 0.015277777777777777 
0 0.466015625 0.4388888888888889 0.00859375 0.022222222222222223 
0 0.466015625 0.4388888888888889 0.00859375 0.022222222222222223 
