0 0.71953125 0.6826388888888889 0.0515625 0.05416666666666667 
0 0.71953125 0.6826388888888889 0.0515625 0.05416666666666667 
0 0.595703125 0.4583333333333333 0.02265625 0.030555555555555555 
0 0.595703125 0.4583333333333333 0.02265625 0.030555555555555555 
0 0.48671875 0.4423611111111111 0.0078125 0.015277777777777777 
0 0.48671875 0.44305555555555554 0.0078125 0.016666666666666666 
0 0.571875 0.43125 0.0078125 0.015277777777777777 
0 0.571875 0.43125 0.0078125 0.015277777777777777 
0 0.4921875 0.42569444444444443 0.00625 0.0125 
0 0.4921875 0.42569444444444443 0.00625 0.0125 
0 0.55859375 0.41875 0.00625 0.0125 
0 0.551953125 0.41458333333333336 0.00546875 0.0125 
