0 0.232421875 0.6472222222222223 0.05859375 0.07222222222222222 
0 0.23046875 0.6458333333333334 0.0578125 0.075 
0 0.40625 0.5541666666666667 0.015625 0.030555555555555555 
0 0.405859375 0.5541666666666667 0.01484375 0.030555555555555555 
0 0.55 0.5326388888888889 0.0140625 0.018055555555555554 
0 0.55 0.5326388888888889 0.0140625 0.018055555555555554 
0 0.431640625 0.4861111111111111 0.00703125 0.013888888888888888 
0 0.431640625 0.4861111111111111 0.00703125 0.013888888888888888 
0 0.49375 0.48194444444444445 0.0109375 0.011111111111111112 
0 0.493359375 0.48194444444444445 0.01171875 0.011111111111111112 
