0 0.73125 0.7020833333333333 0.0484375 0.05416666666666667 
0 0.73125 0.7020833333333333 0.0484375 0.05416666666666667 
0 0.59765625 0.4597222222222222 0.0234375 0.030555555555555555 
0 0.59765625 0.4597222222222222 0.0234375 0.030555555555555555 
0 0.48671875 0.44513888888888886 0.0078125 0.018055555555555554 
0 0.48671875 0.44513888888888886 0.0078125 0.018055555555555554 
0 0.57265625 0.43333333333333335 0.0078125 0.011111111111111112 
0 0.57265625 0.43333333333333335 0.0078125 0.011111111111111112 
0 0.4921875 0.4270833333333333 0.0078125 0.0125 
0 0.4921875 0.4270833333333333 0.0078125 0.0125 
0 0.559375 0.41944444444444445 0.00625 0.011111111111111112 
