0 0.8671875 0.8402777777777778 0.1296875 0.15833333333333333 
0 0.86796875 0.8402777777777778 0.13125 0.15833333333333333 
0 0.37734375 0.5368055555555555 0.0109375 0.029166666666666667 
0 0.56640625 0.4826388888888889 0.0125 0.029166666666666667 
0 0.56640625 0.48194444444444445 0.0125 0.027777777777777776 
0 0.4171875 0.4583333333333333 0.009375 0.019444444444444445 
0 0.416796875 0.4583333333333333 0.00859375 0.019444444444444445 
0 0.529296875 0.4423611111111111 0.01015625 0.015277777777777777 
0 0.529296875 0.4423611111111111 0.01015625 0.015277777777777777 
0 0.514453125 0.4284722222222222 0.00703125 0.015277777777777777 
0 0.514453125 0.4284722222222222 0.00703125 0.015277777777777777 
