0 0.6109375 0.5131944444444444 0.034375 0.043055555555555555 
0 0.6109375 0.5138888888888888 0.034375 0.041666666666666664 
0 0.44140625 0.46458333333333335 0.0078125 0.018055555555555554 
0 0.44140625 0.46458333333333335 0.0078125 0.018055555555555554 
0 0.55390625 0.44930555555555557 0.009375 0.020833333333333332 
0 0.55390625 0.44930555555555557 0.009375 0.020833333333333332 
0 0.45234375 0.43472222222222223 0.0078125 0.013888888888888888 
0 0.45234375 0.43472222222222223 0.0078125 0.013888888888888888 
0 0.5328125 0.42986111111111114 0.009375 0.015277777777777777 
0 0.5328125 0.42986111111111114 0.009375 0.015277777777777777 
0 0.523046875 0.4222222222222222 0.00703125 0.011111111111111112 
