0 0.798046875 0.8166666666666667 0.03828125 0.08333333333333333 
0 0.79765625 0.8180555555555555 0.0390625 0.08055555555555556 
0 0.4578125 0.5368055555555555 0.0296875 0.0375 
0 0.4578125 0.5368055555555555 0.0296875 0.0375 
0 0.546875 0.5125 0.009375 0.016666666666666666 
0 0.5453125 0.5111111111111111 0.0109375 0.019444444444444445 
0 0.653515625 0.5083333333333333 0.01328125 0.019444444444444445 
0 0.6140625 0.4756944444444444 0.0109375 0.009722222222222222 
0 0.6140625 0.4756944444444444 0.0109375 0.009722222222222222 
0 0.558984375 0.475 0.00546875 0.011111111111111112 
0 0.558984375 0.475 0.00546875 0.011111111111111112 
