0 0.701953125 0.6465277777777778 0.06953125 0.08194444444444444 
0 0.701953125 0.6465277777777778 0.06953125 0.08194444444444444 
0 0.39765625 0.5069444444444444 0.009375 0.025 
0 0.39765625 0.5076388888888889 0.009375 0.02638888888888889 
0 0.554296875 0.47291666666666665 0.01171875 0.02361111111111111 
0 0.554296875 0.47291666666666665 0.01171875 0.02361111111111111 
0 0.423828125 0.45069444444444445 0.00859375 0.018055555555555554 
0 0.523828125 0.4395833333333333 0.00859375 0.015277777777777777 
0 0.523828125 0.4395833333333333 0.00859375 0.015277777777777777 
0 0.511328125 0.4284722222222222 0.00703125 0.015277777777777777 
