0 0.724609375 0.6888888888888889 0.04921875 0.05277777777777778 
0 0.724609375 0.6888888888888889 0.04921875 0.05277777777777778 
0 0.596875 0.45902777777777776 0.0234375 0.029166666666666667 
0 0.596875 0.45902777777777776 0.0234375 0.029166666666666667 
0 0.487109375 0.44583333333333336 0.00859375 0.016666666666666666 
0 0.487109375 0.44513888888888886 0.00859375 0.018055555555555554 
0 0.572265625 0.43333333333333335 0.00859375 0.013888888888888888 
0 0.492578125 0.4263888888888889 0.00703125 0.011111111111111112 
0 0.558984375 0.4201388888888889 0.00703125 0.0125 
0 0.558984375 0.4201388888888889 0.00703125 0.0125 
