0 0.773828125 0.7631944444444444 0.06015625 0.07083333333333333 
0 0.773828125 0.7638888888888888 0.06015625 0.07222222222222222 
0 0.6015625 0.4652777777777778 0.021875 0.030555555555555555 
0 0.6015625 0.4652777777777778 0.021875 0.030555555555555555 
0 0.48671875 0.4465277777777778 0.0078125 0.015277777777777777 
0 0.48671875 0.4479166666666667 0.0078125 0.015277777777777777 
0 0.575 0.4354166666666667 0.0078125 0.0125 
0 0.575 0.4354166666666667 0.0078125 0.0125 
0 0.491796875 0.4284722222222222 0.00703125 0.0125 
0 0.491796875 0.4284722222222222 0.00703125 0.0125 
0 0.560546875 0.4215277777777778 0.00703125 0.0125 
0 0.553125 0.4166666666666667 0.00625 0.011111111111111112 
