0 0.794140625 0.8118055555555556 0.03828125 0.08194444444444444 
0 0.794140625 0.8118055555555556 0.03828125 0.08194444444444444 
0 0.458203125 0.5368055555555555 0.02890625 0.0375 
0 0.4578125 0.5368055555555555 0.0296875 0.0375 
0 0.655078125 0.5069444444444444 0.01171875 0.016666666666666666 
0 0.655078125 0.5069444444444444 0.01171875 0.016666666666666666 
0 0.546484375 0.5097222222222222 0.01015625 0.022222222222222223 
0 0.54609375 0.5097222222222222 0.009375 0.022222222222222223 
0 0.615234375 0.475 0.01171875 0.011111111111111112 
0 0.615234375 0.475 0.01171875 0.011111111111111112 
