0 0.320703125 0.6270833333333333 0.02734375 0.04861111111111111 
0 0.320703125 0.6270833333333333 0.02734375 0.04861111111111111 
0 0.60546875 0.5743055555555555 0.021875 0.029166666666666667 
0 0.60546875 0.5736111111111111 0.021875 0.027777777777777776 
0 0.3375 0.5493055555555556 0.0140625 0.0375 
0 0.613671875 0.4861111111111111 0.01328125 0.025 
0 0.582421875 0.47847222222222224 0.01015625 0.0125 
0 0.582421875 0.4777777777777778 0.01015625 0.011111111111111112 
0 0.461328125 0.4465277777777778 0.01171875 0.029166666666666667 
0 0.461328125 0.4465277777777778 0.01171875 0.029166666666666667 
