0 0.644140625 0.5715277777777777 0.03359375 0.0375 
0 0.644140625 0.5715277777777777 0.03359375 0.0375 
0 0.587109375 0.44375 0.01953125 0.029166666666666667 
0 0.58671875 0.44375 0.0203125 0.029166666666666667 
0 0.490625 0.4361111111111111 0.00625 0.016666666666666666 
0 0.490625 0.43680555555555556 0.00625 0.018055555555555554 
0 0.56875 0.42430555555555555 0.0078125 0.0125 
0 0.56875 0.42430555555555555 0.0078125 0.0125 
0 0.49609375 0.4215277777777778 0.00625 0.0125 
0 0.495703125 0.4215277777777778 0.00546875 0.0125 
0 0.55859375 0.41458333333333336 0.00625 0.0125 
