0 0.752734375 0.7340277777777777 0.03046875 0.06527777777777778 
0 0.752734375 0.7326388888888888 0.03046875 0.06527777777777778 
0 0.49453125 0.53125 0.028125 0.034722222222222224 
0 0.493359375 0.5298611111111111 0.02890625 0.0375 
0 0.579296875 0.5048611111111111 0.01171875 0.020833333333333332 
0 0.579296875 0.5048611111111111 0.01171875 0.020833333333333332 
0 0.6875 0.5006944444444444 0.0125 0.018055555555555554 
0 0.65390625 0.47152777777777777 0.0109375 0.009722222222222222 
0 0.65390625 0.47152777777777777 0.0109375 0.009722222222222222 
0 0.598828125 0.4708333333333333 0.00546875 0.011111111111111112 
