0 0.691015625 0.6451388888888889 0.04296875 0.04583333333333333 
0 0.691015625 0.6451388888888889 0.04296875 0.04583333333333333 
0 0.591796875 0.45694444444444443 0.02109375 0.027777777777777776 
0 0.591796875 0.45694444444444443 0.02109375 0.027777777777777776 
0 0.485546875 0.44375 0.00703125 0.015277777777777777 
0 0.485546875 0.44375 0.00703125 0.015277777777777777 
0 0.569140625 0.42986111111111114 0.00859375 0.0125 
0 0.569140625 0.42986111111111114 0.00859375 0.0125 
0 0.491015625 0.42777777777777776 0.00703125 0.013888888888888888 
0 0.55703125 0.41875 0.00625 0.0125 
0 0.550390625 0.41388888888888886 0.00546875 0.011111111111111112 
