0 0.51015625 0.6090277777777777 0.021875 0.034722222222222224 
0 0.510546875 0.6090277777777777 0.02265625 0.034722222222222224 
0 0.437890625 0.49930555555555556 0.01484375 0.006944444444444444 
0 0.43671875 0.4979166666666667 0.015625 0.009722222222222222 
0 0.53359375 0.49583333333333335 0.0140625 0.013888888888888888 
0 0.53359375 0.49583333333333335 0.0140625 0.013888888888888888 
0 0.490234375 0.475 0.00859375 0.016666666666666666 
0 0.490234375 0.475 0.00859375 0.016666666666666666 
0 0.45546875 0.4708333333333333 0.0078125 0.008333333333333333 
0 0.45546875 0.4701388888888889 0.0078125 0.006944444444444444 
