0 0.819140625 0.8340277777777778 0.07265625 0.0763888888888889 
0 0.819140625 0.8340277777777778 0.07265625 0.0763888888888889 
0 0.6015625 0.4708333333333333 0.0234375 0.030555555555555555 
0 0.6015625 0.4708333333333333 0.0234375 0.030555555555555555 
0 0.482421875 0.4513888888888889 0.00703125 0.013888888888888888 
0 0.482421875 0.45069444444444445 0.00703125 0.015277777777777777 
0 0.57265625 0.44027777777777777 0.00625 0.011111111111111112 
0 0.571484375 0.4388888888888889 0.00703125 0.013888888888888888 
0 0.48828125 0.43125 0.0078125 0.0125 
0 0.48828125 0.43125 0.0078125 0.0125 
0 0.55859375 0.42430555555555555 0.00625 0.0125 
0 0.55859375 0.42430555555555555 0.00625 0.0125 
