0 0.396484375 0.49166666666666664 0.01015625 0.016666666666666666 
0 0.396875 0.49166666666666664 0.009375 0.016666666666666666 
0 0.425 0.47638888888888886 0.0078125 0.011111111111111112 
0 0.423046875 0.46944444444444444 0.01328125 0.019444444444444445 
0 0.417578125 0.4638888888888889 0.00546875 0.013888888888888888 
0 0.516015625 0.4618055555555556 0.00859375 0.0125 
0 0.533984375 0.44513888888888886 0.00703125 0.0125 
0 0.533984375 0.44513888888888886 0.00703125 0.0125 
0 0.454296875 0.4375 0.01015625 0.019444444444444445 
0 0.454296875 0.4375 0.01015625 0.019444444444444445 
