0 0.200390625 0.7986111111111112 0.03203125 0.07777777777777778 
0 0.200390625 0.7979166666666667 0.03203125 0.07916666666666666 
0 0.630078125 0.5506944444444445 0.01953125 0.043055555555555555 
0 0.630078125 0.5506944444444445 0.01953125 0.043055555555555555 
0 0.392578125 0.4951388888888889 0.01171875 0.020833333333333332 
0 0.391796875 0.49375 0.01328125 0.02361111111111111 
0 0.5515625 0.4618055555555556 0.009375 0.018055555555555554 
0 0.55078125 0.46041666666666664 0.0109375 0.020833333333333332 
0 0.528515625 0.43680555555555556 0.00859375 0.015277777777777777 
0 0.528515625 0.43680555555555556 0.00859375 0.015277777777777777 
