0 0.633203125 0.5465277777777777 0.04296875 0.05138888888888889 
0 0.633203125 0.5465277777777777 0.04296875 0.05138888888888889 
0 0.424609375 0.475 0.00859375 0.022222222222222223 
0 0.424609375 0.475 0.00859375 0.022222222222222223 
0 0.551953125 0.4534722222222222 0.00859375 0.020833333333333332 
0 0.551953125 0.4534722222222222 0.00859375 0.020833333333333332 
0 0.439453125 0.4375 0.00859375 0.013888888888888888 
0 0.439453125 0.4375 0.00859375 0.013888888888888888 
0 0.527734375 0.42986111111111114 0.00703125 0.015277777777777777 
0 0.527734375 0.42986111111111114 0.00703125 0.015277777777777777 
0 0.5171875 0.4222222222222222 0.00625 0.013888888888888888 
