0 0.60234375 0.4895833333333333 0.0265625 0.0375 
0 0.60234375 0.49027777777777776 0.0265625 0.03611111111111111 
0 0.461328125 0.4576388888888889 0.00546875 0.018055555555555554 
0 0.4609375 0.4576388888888889 0.0046875 0.018055555555555554 
0 0.56171875 0.44722222222222224 0.009375 0.016666666666666666 
0 0.4703125 0.4354166666666667 0.0078125 0.015277777777777777 
0 0.4703125 0.4354166666666667 0.0078125 0.015277777777777777 
0 0.544921875 0.4305555555555556 0.00546875 0.011111111111111112 
0 0.544921875 0.4305555555555556 0.00546875 0.011111111111111112 
0 0.5359375 0.4215277777777778 0.00625 0.0125 
0 0.5359375 0.4215277777777778 0.00625 0.0125 
