0 0.6015625 0.5270833333333333 0.028125 0.029166666666666667 
0 0.6015625 0.5270833333333333 0.028125 0.029166666666666667 
0 0.47890625 0.42916666666666664 0.00625 0.011111111111111112 
0 0.47890625 0.42916666666666664 0.00625 0.011111111111111112 
0 0.566796875 0.4340277777777778 0.01796875 0.02361111111111111 
0 0.566796875 0.4340277777777778 0.01796875 0.02361111111111111 
0 0.553125 0.41597222222222224 0.00625 0.0125 
0 0.552734375 0.41597222222222224 0.00546875 0.0125 
0 0.484375 0.41597222222222224 0.00625 0.0125 
0 0.54140625 0.4048611111111111 0.0109375 0.015277777777777777 
