0 0.301171875 0.6590277777777778 0.03046875 0.05694444444444444 
0 0.301171875 0.6590277777777778 0.03046875 0.05694444444444444 
0 0.617578125 0.5916666666666667 0.02421875 0.03611111111111111 
0 0.617578125 0.5916666666666667 0.02421875 0.03611111111111111 
0 0.325 0.5666666666666667 0.0140625 0.03888888888888889 
0 0.325 0.5666666666666667 0.0140625 0.03888888888888889 
0 0.6203125 0.49375 0.0125 0.02638888888888889 
0 0.5875 0.48680555555555555 0.0125 0.0125 
0 0.461328125 0.45208333333333334 0.01484375 0.02638888888888889 
0 0.4609375 0.45208333333333334 0.0140625 0.02638888888888889 
