0 0.396484375 0.4895833333333333 0.01015625 0.015277777777777777 
0 0.396875 0.4895833333333333 0.009375 0.015277777777777777 
0 0.42578125 0.46805555555555556 0.009375 0.016666666666666666 
0 0.41796875 0.46041666666666664 0.0046875 0.015277777777777777 
0 0.417578125 0.46041666666666664 0.00390625 0.015277777777777777 
0 0.512890625 0.45902777777777776 0.01171875 0.015277777777777777 
0 0.512890625 0.45902777777777776 0.01171875 0.015277777777777777 
0 0.53359375 0.4444444444444444 0.0078125 0.013888888888888888 
0 0.53359375 0.4444444444444444 0.0078125 0.013888888888888888 
0 0.455078125 0.4340277777777778 0.01015625 0.020833333333333332 
0 0.455078125 0.4340277777777778 0.01015625 0.020833333333333332 
