0 0.298046875 0.6118055555555556 0.02109375 0.03194444444444444 
0 0.298046875 0.6118055555555556 0.02109375 0.03194444444444444 
0 0.396875 0.5215277777777778 0.0140625 0.02638888888888889 
0 0.555859375 0.5041666666666667 0.01328125 0.022222222222222223 
0 0.555859375 0.5041666666666667 0.01328125 0.022222222222222223 
0 0.391015625 0.4965277777777778 0.00703125 0.02361111111111111 
0 0.574609375 0.46597222222222223 0.01015625 0.018055555555555554 
0 0.574609375 0.46597222222222223 0.01015625 0.018055555555555554 
0 0.55625 0.4638888888888889 0.0078125 0.013888888888888888 
0 0.461328125 0.44166666666666665 0.01171875 0.025 
0 0.461328125 0.44166666666666665 0.01171875 0.025 
