0 0.7546875 0.7340277777777777 0.0578125 0.0625 
0 0.7546875 0.7340277777777777 0.0578125 0.0625 
0 0.600390625 0.46319444444444446 0.02265625 0.03194444444444444 
0 0.600390625 0.46319444444444446 0.02265625 0.03194444444444444 
0 0.48671875 0.4465277777777778 0.0078125 0.018055555555555554 
0 0.48671875 0.44583333333333336 0.0078125 0.019444444444444445 
0 0.5734375 0.43472222222222223 0.0078125 0.016666666666666666 
0 0.5734375 0.43472222222222223 0.0078125 0.016666666666666666 
0 0.492578125 0.4284722222222222 0.00703125 0.0125 
0 0.492578125 0.4284722222222222 0.00703125 0.0125 
0 0.559765625 0.42083333333333334 0.00703125 0.013888888888888888 
0 0.553125 0.41597222222222224 0.00625 0.009722222222222222 
