0 0.601953125 0.4826388888888889 0.02734375 0.034722222222222224 
0 0.601953125 0.4826388888888889 0.02734375 0.034722222222222224 
0 0.471484375 0.45625 0.00390625 0.020833333333333332 
0 0.471484375 0.45625 0.00390625 0.020833333333333332 
0 0.566796875 0.44375 0.00859375 0.015277777777777777 
0 0.478125 0.4361111111111111 0.0078125 0.013888888888888888 
0 0.478125 0.4361111111111111 0.0078125 0.013888888888888888 
0 0.551171875 0.42916666666666664 0.00703125 0.011111111111111112 
0 0.551171875 0.42916666666666664 0.00703125 0.011111111111111112 
0 0.54296875 0.4236111111111111 0.00625 0.011111111111111112 
0 0.54296875 0.4236111111111111 0.00625 0.011111111111111112 
