0 0.073828125 0.8548611111111111 0.04140625 0.07916666666666666 
0 0.073828125 0.8548611111111111 0.04140625 0.07916666666666666 
0 0.332421875 0.5833333333333334 0.02109375 0.03888888888888889 
0 0.556640625 0.54375 0.01796875 0.02638888888888889 
0 0.556640625 0.54375 0.01796875 0.02638888888888889 
0 0.336328125 0.5333333333333333 0.01015625 0.03333333333333333 
0 0.548046875 0.4791666666666667 0.00859375 0.008333333333333333 
0 0.548046875 0.47847222222222224 0.00859375 0.006944444444444444 
0 0.571484375 0.48125 0.01171875 0.02361111111111111 
0 0.436328125 0.45 0.01171875 0.027777777777777776 
