0 0.055859375 0.8465277777777778 0.11171875 0.1486111111111111 
0 0.05390625 0.7840277777777778 0.1078125 0.029166666666666667 
0 0.410546875 0.6090277777777777 0.01796875 0.0375 
0 0.40859375 0.6076388888888888 0.01875 0.04027777777777778 
0 0.603125 0.5645833333333333 0.01875 0.02361111111111111 
0 0.603125 0.5645833333333333 0.01875 0.02361111111111111 
0 0.45234375 0.4930555555555556 0.00625 0.013888888888888888 
0 0.45234375 0.4930555555555556 0.00625 0.013888888888888888 
0 0.524609375 0.4875 0.01328125 0.013888888888888888 
0 0.524609375 0.4875 0.01328125 0.013888888888888888 
