0 0.335546875 0.5722222222222222 0.01640625 0.030555555555555555 
0 0.335546875 0.5722222222222222 0.01640625 0.030555555555555555 
0 0.55 0.49444444444444446 0.0125 0.016666666666666666 
0 0.55 0.49444444444444446 0.0125 0.016666666666666666 
0 0.4078125 0.4986111111111111 0.0140625 0.041666666666666664 
0 0.4078125 0.4986111111111111 0.0140625 0.041666666666666664 
0 0.551953125 0.4625 0.01328125 0.016666666666666666 
0 0.56953125 0.45902777777777776 0.009375 0.018055555555555554 
0 0.56953125 0.45902777777777776 0.009375 0.018055555555555554 
0 0.4640625 0.4395833333333333 0.0109375 0.02361111111111111 
0 0.463671875 0.4395833333333333 0.01015625 0.02361111111111111 
