0 0.306640625 0.6881944444444444 0.03046875 0.0625 
0 0.30390625 0.6868055555555556 0.03125 0.06527777777777778 
0 0.394140625 0.5159722222222223 0.01484375 0.03194444444444444 
0 0.394140625 0.5159722222222223 0.01484375 0.03194444444444444 
0 0.568359375 0.5013888888888889 0.03359375 0.041666666666666664 
0 0.568359375 0.5013888888888889 0.03359375 0.041666666666666664 
0 0.52890625 0.45555555555555555 0.0109375 0.019444444444444445 
0 0.528515625 0.45555555555555555 0.01015625 0.019444444444444445 
0 0.516015625 0.4340277777777778 0.00546875 0.015277777777777777 
0 0.516015625 0.4340277777777778 0.00546875 0.015277777777777777 
