0 0.226171875 0.6868055555555556 0.02734375 0.04861111111111111 
0 0.226171875 0.6875 0.02578125 0.05 
0 0.375390625 0.54375 0.01796875 0.03194444444444444 
0 0.375390625 0.54375 0.01796875 0.03194444444444444 
0 0.561328125 0.5194444444444445 0.01484375 0.022222222222222223 
0 0.561328125 0.51875 0.01484375 0.020833333333333332 
0 0.373046875 0.5076388888888889 0.00859375 0.029166666666666667 
0 0.373046875 0.5076388888888889 0.00859375 0.029166666666666667 
0 0.558203125 0.4673611111111111 0.00859375 0.0125 
0 0.5796875 0.46944444444444444 0.0109375 0.022222222222222223 
0 0.579296875 0.46944444444444444 0.01015625 0.022222222222222223 
0 0.455859375 0.4423611111111111 0.01171875 0.02638888888888889 
0 0.455859375 0.44305555555555554 0.01171875 0.027777777777777776 
