0 0.295703125 0.6701388888888888 0.03203125 0.059722222222222225 
0 0.62890625 0.5986111111111111 0.0234375 0.03611111111111111 
0 0.628125 0.5979166666666667 0.025 0.034722222222222224 
0 0.324609375 0.5694444444444444 0.01328125 0.03888888888888889 
0 0.594921875 0.4847222222222222 0.01015625 0.011111111111111112 
0 0.594921875 0.4847222222222222 0.01015625 0.011111111111111112 
0 0.629296875 0.49166666666666664 0.01328125 0.027777777777777776 
0 0.629296875 0.49166666666666664 0.01328125 0.027777777777777776 
0 0.465625 0.4465277777777778 0.0140625 0.03194444444444444 
0 0.465625 0.4465277777777778 0.0140625 0.03194444444444444 
