0 0.13203125 0.7909722222222222 0.040625 0.06527777777777778 
0 0.13203125 0.7909722222222222 0.040625 0.06527777777777778 
0 0.354296875 0.5673611111111111 0.01953125 0.034722222222222224 
0 0.56640625 0.5340277777777778 0.01875 0.02361111111111111 
0 0.56640625 0.5333333333333333 0.01875 0.022222222222222223 
0 0.355078125 0.5201388888888889 0.01015625 0.03194444444444444 
0 0.355078125 0.5201388888888889 0.01015625 0.03194444444444444 
0 0.559375 0.47152777777777777 0.0109375 0.0125 
0 0.559375 0.47152777777777777 0.0109375 0.0125 
0 0.584375 0.47291666666666665 0.0109375 0.020833333333333332 
0 0.583984375 0.47291666666666665 0.01015625 0.020833333333333332 
0 0.4515625 0.44375 0.0125 0.02361111111111111 
0 0.4515625 0.44375 0.0125 0.02361111111111111 
