0 0.609765625 0.5118055555555555 0.03359375 0.043055555555555555 
0 0.440234375 0.4652777777777778 0.00390625 0.019444444444444445 
0 0.440625 0.4652777777777778 0.0046875 0.019444444444444445 
0 0.55390625 0.45 0.009375 0.019444444444444445 
0 0.55390625 0.45 0.009375 0.019444444444444445 
0 0.452734375 0.4340277777777778 0.00703125 0.015277777777777777 
0 0.452734375 0.4340277777777778 0.00703125 0.015277777777777777 
0 0.534375 0.42916666666666664 0.00625 0.013888888888888888 
0 0.533984375 0.42916666666666664 0.00546875 0.013888888888888888 
0 0.52421875 0.42083333333333334 0.00625 0.011111111111111112 
0 0.523828125 0.42083333333333334 0.00546875 0.011111111111111112 
