0 0.25859375 0.6236111111111111 0.0515625 0.06388888888888888 
0 0.257421875 0.6222222222222222 0.05234375 0.06666666666666667 
0 0.41171875 0.5479166666666667 0.0125 0.029166666666666667 
0 0.4109375 0.5465277777777777 0.0140625 0.03194444444444444 
0 0.54765625 0.5284722222222222 0.0140625 0.018055555555555554 
0 0.54765625 0.5284722222222222 0.0140625 0.018055555555555554 
0 0.43203125 0.4847222222222222 0.00625 0.013888888888888888 
0 0.43203125 0.4847222222222222 0.00625 0.013888888888888888 
0 0.493359375 0.48055555555555557 0.01171875 0.011111111111111112 
0 0.493359375 0.48055555555555557 0.01171875 0.011111111111111112 
