0 0.21875 0.7055555555555556 0.028125 0.05 
0 0.219140625 0.7048611111111112 0.02890625 0.05138888888888889 
0 0.37265625 0.5541666666666667 0.0171875 0.03333333333333333 
0 0.56171875 0.5284722222222222 0.0140625 0.02361111111111111 
0 0.56171875 0.5277777777777778 0.0140625 0.022222222222222223 
0 0.370703125 0.5152777777777777 0.01015625 0.027777777777777776 
0 0.370703125 0.5152777777777777 0.01015625 0.027777777777777776 
0 0.558203125 0.475 0.00859375 0.011111111111111112 
0 0.5578125 0.475 0.009375 0.011111111111111112 
0 0.5796875 0.47847222222222224 0.009375 0.020833333333333332 
0 0.5796875 0.47847222222222224 0.009375 0.020833333333333332 
0 0.454296875 0.44930555555555557 0.01328125 0.02638888888888889 
0 0.454296875 0.44930555555555557 0.01328125 0.02638888888888889 
