0 0.646484375 0.5694444444444444 0.04609375 0.058333333333333334 
0 0.41640625 0.48333333333333334 0.0078125 0.022222222222222223 
0 0.41640625 0.48333333333333334 0.0078125 0.022222222222222223 
0 0.551953125 0.45902777777777776 0.01015625 0.02361111111111111 
0 0.551953125 0.45902777777777776 0.01015625 0.02361111111111111 
0 0.43359375 0.44166666666666665 0.0078125 0.013888888888888888 
0 0.526171875 0.4361111111111111 0.00703125 0.011111111111111112 
0 0.525 0.43472222222222223 0.0078125 0.013888888888888888 
0 0.514453125 0.42291666666666666 0.00703125 0.0125 
0 0.5140625 0.42291666666666666 0.00625 0.0125 
