0 0.650390625 0.5819444444444445 0.03359375 0.03611111111111111 
0 0.650390625 0.5819444444444445 0.03359375 0.03611111111111111 
0 0.587109375 0.4465277777777778 0.01953125 0.02638888888888889 
0 0.587109375 0.4465277777777778 0.01953125 0.02638888888888889 
0 0.489453125 0.4395833333333333 0.00703125 0.015277777777777777 
0 0.489453125 0.4395833333333333 0.00703125 0.015277777777777777 
0 0.568359375 0.42569444444444443 0.00703125 0.015277777777777777 
0 0.56796875 0.42569444444444443 0.00625 0.015277777777777777 
0 0.494921875 0.42291666666666666 0.00703125 0.0125 
0 0.49453125 0.42291666666666666 0.0078125 0.0125 
0 0.557421875 0.41388888888888886 0.00546875 0.011111111111111112 
