0 0.6203125 0.5277777777777778 0.0390625 0.04722222222222222 
0 0.433203125 0.46805555555555556 0.00859375 0.019444444444444445 
0 0.433203125 0.46805555555555556 0.00859375 0.019444444444444445 
0 0.55390625 0.4527777777777778 0.0078125 0.016666666666666666 
0 0.552734375 0.4513888888888889 0.00859375 0.019444444444444445 
0 0.445703125 0.4340277777777778 0.00703125 0.0125 
0 0.445703125 0.4340277777777778 0.00703125 0.0125 
0 0.530078125 0.4284722222222222 0.00703125 0.0125 
0 0.530078125 0.4284722222222222 0.00703125 0.0125 
0 0.5203125 0.41944444444444445 0.00625 0.011111111111111112 
0 0.519921875 0.41944444444444445 0.00546875 0.011111111111111112 
