0 0.827734375 0.8708333333333333 0.04296875 0.09166666666666666 
0 0.826953125 0.8694444444444445 0.04453125 0.09444444444444444 
0 0.45 0.54375 0.0296875 0.0375 
0 0.448828125 0.5423611111111111 0.03046875 0.04027777777777778 
0 0.651171875 0.5111111111111111 0.01328125 0.016666666666666666 
0 0.540234375 0.5131944444444444 0.01015625 0.020833333333333332 
0 0.608203125 0.47638888888888886 0.01171875 0.011111111111111112 
0 0.608203125 0.47638888888888886 0.01171875 0.011111111111111112 
0 0.552734375 0.47638888888888886 0.00546875 0.011111111111111112 
0 0.552734375 0.47638888888888886 0.00546875 0.011111111111111112 
