0 0.65625 0.5951388888888889 0.034375 0.0375 
0 0.65625 0.5951388888888889 0.034375 0.0375 
0 0.58828125 0.45069444444444445 0.01875 0.02361111111111111 
0 0.58671875 0.44930555555555557 0.01875 0.02638888888888889 
0 0.4875 0.4395833333333333 0.00625 0.015277777777777777 
0 0.4875 0.4395833333333333 0.00625 0.015277777777777777 
0 0.567578125 0.4263888888888889 0.00703125 0.013888888888888888 
0 0.567578125 0.4263888888888889 0.00703125 0.013888888888888888 
0 0.493359375 0.4236111111111111 0.00703125 0.011111111111111112 
0 0.49296875 0.4236111111111111 0.00625 0.011111111111111112 
0 0.55625 0.4152777777777778 0.00625 0.011111111111111112 
