0 0.72578125 0.6722222222222223 0.0796875 0.09166666666666666 
0 0.72578125 0.6722222222222223 0.0796875 0.09166666666666666 
0 0.39375 0.5125 0.0109375 0.027777777777777776 
0 0.39375 0.5125 0.0109375 0.027777777777777776 
0 0.55703125 0.4736111111111111 0.0125 0.025 
0 0.421875 0.4534722222222222 0.009375 0.018055555555555554 
0 0.421875 0.4527777777777778 0.009375 0.019444444444444445 
0 0.525 0.44166666666666665 0.009375 0.016666666666666666 
0 0.525 0.44166666666666665 0.009375 0.016666666666666666 
0 0.512109375 0.4284722222222222 0.00703125 0.015277777777777777 
0 0.512109375 0.4284722222222222 0.00703125 0.015277777777777777 
