0 0.25 0.7569444444444444 0.03125 0.058333333333333334 
0 0.25 0.7569444444444444 0.03125 0.058333333333333334 
0 0.411328125 0.58125 0.01640625 0.034722222222222224 
0 0.411328125 0.58125 0.01640625 0.034722222222222224 
0 0.61015625 0.5548611111111111 0.0171875 0.02638888888888889 
0 0.4078125 0.5395833333333333 0.009375 0.029166666666666667 
0 0.596875 0.49583333333333335 0.009375 0.011111111111111112 
0 0.62265625 0.49930555555555556 0.0109375 0.02361111111111111 
0 0.62265625 0.49930555555555556 0.0109375 0.02361111111111111 
0 0.4890625 0.46805555555555556 0.0125 0.027777777777777776 
0 0.4890625 0.46805555555555556 0.0125 0.027777777777777776 
