0 0.5875 0.5201388888888889 0.0265625 0.02638888888888889 
0 0.5875 0.5201388888888889 0.0265625 0.02638888888888889 
0 0.556640625 0.4388888888888889 0.01640625 0.022222222222222223 
0 0.47265625 0.4326388888888889 0.00625 0.0125 
0 0.47265625 0.4326388888888889 0.00625 0.0125 
0 0.557421875 0.4354166666666667 0.01640625 0.02361111111111111 
0 0.54453125 0.4201388888888889 0.0078125 0.0125 
0 0.476953125 0.41875 0.00703125 0.0125 
0 0.476953125 0.41875 0.00703125 0.0125 
0 0.5359375 0.4097222222222222 0.00625 0.011111111111111112 
