0 0.237109375 0.7569444444444444 0.04296875 0.08055555555555556 
0 0.6609375 0.6444444444444445 0.03125 0.05 
0 0.660546875 0.6444444444444445 0.03203125 0.05 
0 0.2953125 0.5993055555555555 0.015625 0.04861111111111111 
0 0.2953125 0.5993055555555555 0.015625 0.04861111111111111 
0 0.64609375 0.5027777777777778 0.0140625 0.030555555555555555 
0 0.605859375 0.49166666666666664 0.01328125 0.011111111111111112 
0 0.605859375 0.49166666666666664 0.01328125 0.011111111111111112 
0 0.465625 0.45069444444444445 0.0140625 0.03194444444444444 
0 0.465625 0.45 0.0140625 0.030555555555555555 
