0 0.6375 0.5541666666666667 0.04375 0.05555555555555555 
0 0.421875 0.4777777777777778 0.0078125 0.022222222222222223 
0 0.421875 0.4777777777777778 0.0078125 0.022222222222222223 
0 0.551953125 0.45555555555555555 0.01171875 0.019444444444444445 
0 0.551953125 0.45555555555555555 0.01171875 0.019444444444444445 
0 0.4375 0.4388888888888889 0.0078125 0.013888888888888888 
0 0.4375 0.4388888888888889 0.0078125 0.013888888888888888 
0 0.526953125 0.43194444444444446 0.00859375 0.016666666666666666 
0 0.51640625 0.42083333333333334 0.00625 0.011111111111111112 
0 0.51640625 0.42083333333333334 0.00625 0.011111111111111112 
