0 0.07578125 0.9680555555555556 0.059375 0.06388888888888888 
0 0.7171875 0.7472222222222222 0.046875 0.07222222222222222 
0 0.7171875 0.7451388888888889 0.046875 0.06805555555555555 
0 0.228125 0.6722222222222223 0.025 0.06111111111111111 
0 0.228125 0.6722222222222223 0.025 0.06111111111111111 
0 0.659375 0.5277777777777778 0.0140625 0.03333333333333333 
0 0.65859375 0.5263888888888889 0.015625 0.03611111111111111 
0 0.61171875 0.5097222222222222 0.0109375 0.013888888888888888 
0 0.455859375 0.46458333333333335 0.01328125 0.029166666666666667 
0 0.4546875 0.46319444444444446 0.0140625 0.03194444444444444 
