0 0.67421875 0.6236111111111111 0.040625 0.04722222222222222 
0 0.67421875 0.6236111111111111 0.040625 0.04722222222222222 
0 0.589453125 0.45555555555555555 0.02109375 0.025 
0 0.588671875 0.45416666666666666 0.02265625 0.027777777777777776 
0 0.48515625 0.44305555555555554 0.00625 0.016666666666666666 
0 0.48515625 0.44305555555555554 0.00625 0.016666666666666666 
0 0.567578125 0.42986111111111114 0.00859375 0.0125 
0 0.490234375 0.42569444444444443 0.00703125 0.0125 
0 0.490234375 0.42569444444444443 0.00703125 0.0125 
0 0.55234375 0.4152777777777778 0.0125 0.013888888888888888 
