0 0.24765625 0.8284722222222223 0.0484375 0.09305555555555556 
0 0.24609375 0.8270833333333333 0.05 0.09583333333333334 
0 0.71640625 0.6861111111111111 0.0375 0.05555555555555555 
0 0.71640625 0.6868055555555556 0.0375 0.05416666666666667 
0 0.3046875 0.6277777777777778 0.0171875 0.05555555555555555 
0 0.6671875 0.5215277777777778 0.0140625 0.029166666666666667 
0 0.6671875 0.5215277777777778 0.0140625 0.029166666666666667 
0 0.623046875 0.5076388888888889 0.01328125 0.0125 
0 0.4703125 0.46041666666666664 0.0140625 0.03194444444444444 
0 0.4703125 0.46041666666666664 0.0140625 0.03194444444444444 
