0 0.584765625 0.5215277777777778 0.02578125 0.029166666666666667 
0 0.584765625 0.5215277777777778 0.02578125 0.029166666666666667 
0 0.471484375 0.43472222222222223 0.00546875 0.011111111111111112 
0 0.471484375 0.43472222222222223 0.00546875 0.011111111111111112 
0 0.55625 0.44027777777777777 0.015625 0.025 
0 0.55546875 0.4388888888888889 0.0171875 0.027777777777777776 
0 0.54296875 0.4215277777777778 0.00625 0.0125 
0 0.54296875 0.4215277777777778 0.00625 0.0125 
0 0.475390625 0.42083333333333334 0.00546875 0.011111111111111112 
0 0.475390625 0.42083333333333334 0.00546875 0.011111111111111112 
0 0.534375 0.41180555555555554 0.00625 0.0125 
