0 0.661328125 0.66875 0.03359375 0.05138888888888889 
0 0.661328125 0.66875 0.03359375 0.05138888888888889 
0 0.47578125 0.5027777777777778 0.0109375 0.016666666666666666 
0 0.521875 0.46597222222222223 0.00625 0.015277777777777777 
0 0.521875 0.46597222222222223 0.00625 0.015277777777777777 
0 0.459375 0.46111111111111114 0.0109375 0.013888888888888888 
0 0.45859375 0.4597222222222222 0.0125 0.016666666666666666 
0 0.533984375 0.4465277777777778 0.00703125 0.009722222222222222 
0 0.533984375 0.4465277777777778 0.00703125 0.009722222222222222 
0 0.525390625 0.4409722222222222 0.00703125 0.009722222222222222 
