0 0.6234375 0.54375 0.028125 0.034722222222222224 
0 0.6234375 0.54375 0.028125 0.034722222222222224 
0 0.580078125 0.4361111111111111 0.01953125 0.025 
0 0.4890625 0.4305555555555556 0.00625 0.013888888888888888 
0 0.4890625 0.4305555555555556 0.00625 0.013888888888888888 
0 0.56484375 0.4173611111111111 0.0078125 0.0125 
0 0.493359375 0.41597222222222224 0.00703125 0.009722222222222222 
0 0.493359375 0.41597222222222224 0.00703125 0.009722222222222222 
0 0.554296875 0.40694444444444444 0.00546875 0.011111111111111112 
0 0.5484375 0.40347222222222223 0.00625 0.009722222222222222 
