0 0.601953125 0.4875 0.02578125 0.03611111111111111 
0 0.601953125 0.4875 0.02578125 0.03611111111111111 
0 0.4671875 0.45902777777777776 0.0078125 0.018055555555555554 
0 0.4671875 0.45902777777777776 0.0078125 0.018055555555555554 
0 0.565625 0.45069444444444445 0.0078125 0.0125 
0 0.564453125 0.44930555555555557 0.00859375 0.015277777777777777 
0 0.473828125 0.4361111111111111 0.00703125 0.013888888888888888 
0 0.473828125 0.4361111111111111 0.00703125 0.013888888888888888 
0 0.548046875 0.43194444444444446 0.00546875 0.011111111111111112 
0 0.5390625 0.42430555555555555 0.00625 0.0125 
0 0.5390625 0.42430555555555555 0.00625 0.0125 
