0 0.347265625 0.5597222222222222 0.01640625 0.027777777777777776 
0 0.347265625 0.5590277777777778 0.01640625 0.02638888888888889 
0 0.406640625 0.5027777777777778 0.00390625 0.022222222222222223 
0 0.546875 0.4909722222222222 0.0125 0.015277777777777777 
0 0.546875 0.4909722222222222 0.0125 0.015277777777777777 
0 0.413671875 0.49583333333333335 0.01015625 0.03611111111111111 
0 0.405859375 0.4847222222222222 0.00703125 0.019444444444444445 
0 0.56640625 0.4583333333333333 0.009375 0.019444444444444445 
0 0.56640625 0.4583333333333333 0.009375 0.019444444444444445 
0 0.46484375 0.44027777777777777 0.0109375 0.025 
0 0.46484375 0.44027777777777777 0.0109375 0.025 
