0 0.330078125 0.5888888888888889 0.02421875 0.044444444444444446 
0 0.584375 0.5416666666666666 0.0203125 0.030555555555555555 
0 0.584375 0.5423611111111111 0.0203125 0.02638888888888889 
0 0.336328125 0.525 0.01171875 0.03333333333333333 
0 0.33671875 0.525 0.0109375 0.03333333333333333 
0 0.591796875 0.46944444444444444 0.01015625 0.022222222222222223 
0 0.590625 0.46805555555555556 0.0109375 0.025 
0 0.563671875 0.4618055555555556 0.01171875 0.0125 
0 0.563671875 0.4618055555555556 0.01171875 0.0125 
0 0.44453125 0.42986111111111114 0.0125 0.029166666666666667 
0 0.44453125 0.42986111111111114 0.0125 0.029166666666666667 
