0 0.630078125 0.5430555555555555 0.04140625 0.05277777777777778 
0 0.630078125 0.5430555555555555 0.04140625 0.05277777777777778 
0 0.4265625 0.47430555555555554 0.0078125 0.02361111111111111 
0 0.4265625 0.47430555555555554 0.0078125 0.02361111111111111 
0 0.55234375 0.45208333333333334 0.009375 0.020833333333333332 
0 0.551953125 0.45208333333333334 0.00859375 0.020833333333333332 
0 0.440625 0.4361111111111111 0.0078125 0.013888888888888888 
0 0.440625 0.4361111111111111 0.0078125 0.013888888888888888 
0 0.528515625 0.42986111111111114 0.00703125 0.0125 
0 0.528515625 0.42986111111111114 0.00703125 0.0125 
0 0.517578125 0.42083333333333334 0.00546875 0.013888888888888888 
