0 0.249609375 0.6638888888888889 0.02578125 0.04722222222222222 
0 0.249609375 0.6638888888888889 0.02578125 0.04722222222222222 
0 0.38203125 0.5395833333333333 0.0140625 0.029166666666666667 
0 0.38125 0.5381944444444444 0.015625 0.03194444444444444 
0 0.559765625 0.5145833333333333 0.01484375 0.02361111111111111 
0 0.378515625 0.5055555555555555 0.00859375 0.025 
0 0.578125 0.46805555555555556 0.009375 0.019444444444444445 
0 0.578125 0.46805555555555556 0.009375 0.019444444444444445 
0 0.45703125 0.44305555555555554 0.0125 0.025 
0 0.45703125 0.44305555555555554 0.0125 0.025 
