0 0.898828125 0.9229166666666667 0.09609375 0.02361111111111111 
0 0.60234375 0.47847222222222224 0.0265625 0.034722222222222224 
0 0.477734375 0.45625 0.00859375 0.018055555555555554 
0 0.477734375 0.45625 0.00859375 0.018055555555555554 
0 0.56875 0.44305555555555554 0.0078125 0.013888888888888888 
0 0.56875 0.44305555555555554 0.0078125 0.013888888888888888 
0 0.484375 0.43472222222222223 0.00625 0.013888888888888888 
0 0.484375 0.43472222222222223 0.00625 0.013888888888888888 
0 0.5546875 0.4284722222222222 0.00625 0.0125 
0 0.5546875 0.4284722222222222 0.00625 0.0125 
