0 0.83359375 0.8569444444444444 0.075 0.08888888888888889 
0 0.83359375 0.85625 0.075 0.0875 
0 0.601953125 0.4722222222222222 0.02421875 0.03333333333333333 
0 0.481640625 0.45208333333333334 0.00703125 0.018055555555555554 
0 0.572265625 0.4395833333333333 0.00703125 0.015277777777777777 
0 0.572265625 0.4395833333333333 0.00703125 0.015277777777777777 
0 0.48828125 0.43194444444444446 0.0078125 0.013888888888888888 
0 0.48828125 0.43194444444444446 0.0078125 0.013888888888888888 
0 0.557421875 0.425 0.00546875 0.011111111111111112 
0 0.557421875 0.425 0.00546875 0.011111111111111112 
0 0.55 0.4201388888888889 0.00625 0.009722222222222222 
