0 0.0953125 0.8326388888888889 0.04375 0.0763888888888889 
0 0.0953125 0.8326388888888889 0.04375 0.0763888888888889 
0 0.346484375 0.5756944444444444 0.01953125 0.0375 
0 0.346875 0.5756944444444444 0.0203125 0.0375 
0 0.568359375 0.5402777777777777 0.01796875 0.025 
0 0.568359375 0.5395833333333333 0.01796875 0.02361111111111111 
0 0.35078125 0.5263888888888889 0.0109375 0.030555555555555555 
0 0.559765625 0.4736111111111111 0.01015625 0.011111111111111112 
0 0.559765625 0.4736111111111111 0.01015625 0.011111111111111112 
0 0.584375 0.47708333333333336 0.0109375 0.02361111111111111 
0 0.584375 0.47708333333333336 0.0109375 0.02361111111111111 
0 0.44921875 0.44722222222222224 0.0109375 0.027777777777777776 
0 0.44921875 0.44722222222222224 0.0109375 0.027777777777777776 
