0 0.3953125 0.5645833333333333 0.034375 0.043055555555555555 
0 0.39453125 0.5631944444444444 0.0359375 0.04583333333333333 
0 0.500390625 0.5243055555555556 0.01015625 0.018055555555555554 
0 0.49921875 0.5229166666666667 0.0109375 0.020833333333333332 
0 0.616796875 0.5166666666666667 0.01328125 0.016666666666666666 
0 0.616796875 0.5166666666666667 0.01328125 0.016666666666666666 
0 0.512109375 0.47847222222222224 0.00703125 0.0125 
0 0.51171875 0.47847222222222224 0.00625 0.0125 
0 0.56953125 0.47708333333333336 0.0109375 0.0125 
0 0.56953125 0.47708333333333336 0.0109375 0.0125 
