0 0.127734375 0.9451388888888889 0.02265625 0.10972222222222222 
0 0.0984375 0.94375 0.0734375 0.1125 
0 0.704296875 0.7277777777777777 0.04140625 0.06388888888888888 
0 0.704296875 0.7277777777777777 0.04140625 0.06388888888888888 
0 0.2375 0.6590277777777778 0.021875 0.0625 
0 0.65390625 0.5236111111111111 0.015625 0.030555555555555555 
0 0.609765625 0.5076388888888889 0.01328125 0.015277777777777777 
0 0.609765625 0.5076388888888889 0.01328125 0.015277777777777777 
0 0.45546875 0.46319444444444446 0.0140625 0.029166666666666667 
0 0.454296875 0.4618055555555556 0.01484375 0.03194444444444444 
