0 0.598828125 0.5256944444444445 0.02578125 0.029166666666666667 
0 0.598828125 0.5256944444444445 0.02578125 0.029166666666666667 
0 0.476953125 0.42986111111111114 0.00546875 0.0125 
0 0.4765625 0.42986111111111114 0.0046875 0.0125 
0 0.56484375 0.4340277777777778 0.0171875 0.02361111111111111 
0 0.56484375 0.4340277777777778 0.0171875 0.02361111111111111 
0 0.551171875 0.4166666666666667 0.00546875 0.011111111111111112 
0 0.482421875 0.4166666666666667 0.00546875 0.011111111111111112 
0 0.48203125 0.41597222222222224 0.0046875 0.0125 
0 0.5421875 0.40694444444444444 0.00625 0.011111111111111112 
