0 0.301953125 0.6395833333333333 0.02890625 0.05416666666666667 
0 0.3015625 0.6388888888888888 0.0296875 0.05277777777777778 
0 0.6 0.5770833333333333 0.0234375 0.034722222222222224 
0 0.59921875 0.5770833333333333 0.021875 0.034722222222222224 
0 0.32109375 0.5541666666666667 0.0140625 0.03611111111111111 
0 0.32109375 0.5541666666666667 0.0140625 0.03611111111111111 
0 0.605859375 0.4861111111111111 0.01171875 0.025 
0 0.605859375 0.4861111111111111 0.01171875 0.025 
0 0.575 0.47847222222222224 0.0109375 0.009722222222222222 
0 0.575 0.47847222222222224 0.0109375 0.009722222222222222 
0 0.450390625 0.44513888888888886 0.01328125 0.029166666666666667 
