0 0.602734375 0.49027777777777776 0.02734375 0.03611111111111111 
0 0.602734375 0.49027777777777776 0.02734375 0.03611111111111111 
0 0.4640625 0.45902777777777776 0.0078125 0.018055555555555554 
0 0.4640625 0.45902777777777776 0.0078125 0.018055555555555554 
0 0.562890625 0.4465277777777778 0.00859375 0.018055555555555554 
0 0.562890625 0.4465277777777778 0.00859375 0.018055555555555554 
0 0.47109375 0.4361111111111111 0.0078125 0.013888888888888888 
0 0.470703125 0.4361111111111111 0.00703125 0.013888888888888888 
0 0.5453125 0.42986111111111114 0.00625 0.009722222222222222 
0 0.53671875 0.4236111111111111 0.0078125 0.011111111111111112 
0 0.53671875 0.4236111111111111 0.0078125 0.011111111111111112 
