0 0.6828125 0.6354166666666666 0.040625 0.04027777777777778 
0 0.6828125 0.6354166666666666 0.040625 0.04027777777777778 
0 0.590234375 0.45625 0.02265625 0.03194444444444444 
0 0.485546875 0.4444444444444444 0.00703125 0.016666666666666666 
0 0.486328125 0.4444444444444444 0.00546875 0.016666666666666666 
0 0.568359375 0.4284722222222222 0.00703125 0.0125 
0 0.568359375 0.4284722222222222 0.00703125 0.0125 
0 0.491015625 0.4263888888888889 0.00703125 0.013888888888888888 
0 0.491015625 0.4263888888888889 0.00703125 0.013888888888888888 
0 0.55625 0.41875 0.00625 0.009722222222222222 
