0 0.213671875 0.7798611111111111 0.04453125 0.08194444444444444 
0 0.212109375 0.7784722222222222 0.04453125 0.08472222222222223 
0 0.652734375 0.6513888888888889 0.03046875 0.05 
0 0.652734375 0.6513888888888889 0.03046875 0.05 
0 0.276171875 0.6069444444444444 0.01640625 0.05277777777777778 
0 0.2765625 0.6069444444444444 0.0171875 0.05277777777777778 
0 0.633203125 0.50625 0.01328125 0.02638888888888889 
0 0.632421875 0.5048611111111111 0.01484375 0.029166666666666667 
0 0.59296875 0.49444444444444446 0.0125 0.013888888888888888 
0 0.449609375 0.4513888888888889 0.01484375 0.03333333333333333 
