0 0.311328125 0.6555555555555556 0.02421875 0.04722222222222222 
0 0.42578125 0.5375 0.015625 0.030555555555555555 
0 0.6 0.5173611111111112 0.0140625 0.02361111111111111 
0 0.6 0.5166666666666667 0.0140625 0.022222222222222223 
0 0.419140625 0.5069444444444444 0.00859375 0.027777777777777776 
0 0.419140625 0.5076388888888889 0.00859375 0.02638888888888889 
0 0.615625 0.47291666666666665 0.0109375 0.020833333333333332 
0 0.615234375 0.47291666666666665 0.01015625 0.020833333333333332 
0 0.49140625 0.44513888888888886 0.0125 0.02638888888888889 
0 0.49140625 0.44513888888888886 0.0125 0.02638888888888889 
