0 0.2796875 0.7236111111111111 0.0359375 0.06944444444444445 
0 0.276953125 0.7222222222222222 0.03671875 0.07222222222222222 
0 0.3875 0.5173611111111112 0.015625 0.03194444444444444 
0 0.3875 0.5173611111111112 0.015625 0.03194444444444444 
0 0.58828125 0.5 0.0015625 0.03888888888888889 
0 0.570703125 0.5 0.03671875 0.044444444444444446 
0 0.528515625 0.45208333333333334 0.01015625 0.018055555555555554 
0 0.528515625 0.45208333333333334 0.01015625 0.018055555555555554 
0 0.515625 0.42777777777777776 0.00625 0.013888888888888888 
0 0.515625 0.42777777777777776 0.00625 0.013888888888888888 
