0 0.311328125 0.6270833333333333 0.02734375 0.05416666666666667 
0 0.596875 0.5694444444444444 0.021875 0.030555555555555555 
0 0.596875 0.5694444444444444 0.021875 0.027777777777777776 
0 0.327734375 0.5479166666666667 0.01171875 0.0375 
0 0.328515625 0.5479166666666667 0.01328125 0.0375 
0 0.60546875 0.4847222222222222 0.0109375 0.022222222222222223 
0 0.60390625 0.48333333333333334 0.0125 0.025 
0 0.5765625 0.47638888888888886 0.0109375 0.011111111111111112 
0 0.454296875 0.4465277777777778 0.01171875 0.02638888888888889 
0 0.452734375 0.44513888888888886 0.01328125 0.029166666666666667 
