0 0.74375 0.6951388888888889 0.0828125 0.10138888888888889 
0 0.39140625 0.5166666666666667 0.0109375 0.030555555555555555 
0 0.39140625 0.5166666666666667 0.0109375 0.030555555555555555 
0 0.558984375 0.4756944444444444 0.01171875 0.02638888888888889 
0 0.420703125 0.45416666666666666 0.00859375 0.016666666666666666 
0 0.420703125 0.45416666666666666 0.00859375 0.016666666666666666 
0 0.526171875 0.44166666666666665 0.00859375 0.016666666666666666 
0 0.52578125 0.44166666666666665 0.0078125 0.016666666666666666 
0 0.5125 0.42777777777777776 0.0078125 0.013888888888888888 
0 0.512109375 0.42777777777777776 0.00703125 0.013888888888888888 
