0 0.647265625 0.5777777777777777 0.03359375 0.03888888888888889 
0 0.647265625 0.5777777777777777 0.03359375 0.03888888888888889 
0 0.587109375 0.44722222222222224 0.02109375 0.025 
0 0.587109375 0.44722222222222224 0.02109375 0.025 
0 0.490625 0.43819444444444444 0.00625 0.015277777777777777 
0 0.490625 0.43819444444444444 0.00625 0.015277777777777777 
0 0.56875 0.4263888888888889 0.0078125 0.013888888888888888 
0 0.4953125 0.42430555555555555 0.00625 0.009722222222222222 
0 0.495703125 0.42430555555555555 0.00703125 0.009722222222222222 
0 0.555078125 0.4131944444444444 0.01171875 0.015277777777777777 
