0 0.280859375 0.7291666666666666 0.03359375 0.06944444444444445 
0 0.277734375 0.7277777777777777 0.03515625 0.07222222222222222 
0 0.3890625 0.5263888888888889 0.0140625 0.030555555555555555 
0 0.387890625 0.525 0.01640625 0.03333333333333333 
0 0.57109375 0.5083333333333333 0.0359375 0.044444444444444446 
0 0.57109375 0.5083333333333333 0.0359375 0.044444444444444446 
0 0.52890625 0.4597222222222222 0.0109375 0.019444444444444445 
0 0.528515625 0.4597222222222222 0.01015625 0.019444444444444445 
0 0.515234375 0.43472222222222223 0.00703125 0.013888888888888888 
0 0.515234375 0.43472222222222223 0.00703125 0.013888888888888888 
