0 0.2640625 0.6826388888888889 0.028125 0.05138888888888889 
0 0.2640625 0.6826388888888889 0.028125 0.05138888888888889 
0 0.399609375 0.5388888888888889 0.01640625 0.030555555555555555 
0 0.399609375 0.5388888888888889 0.01640625 0.030555555555555555 
0 0.583984375 0.5173611111111112 0.01484375 0.02361111111111111 
0 0.3953125 0.50625 0.0078125 0.02361111111111111 
0 0.39453125 0.5048611111111111 0.009375 0.02638888888888889 
0 0.57578125 0.4652777777777778 0.0078125 0.011111111111111112 
0 0.598828125 0.46805555555555556 0.01015625 0.022222222222222223 
0 0.598828125 0.46805555555555556 0.01015625 0.022222222222222223 
0 0.472265625 0.4395833333333333 0.01171875 0.02638888888888889 
