0 0.308203125 0.6048611111111111 0.01953125 0.034722222222222224 
0 0.308203125 0.6048611111111111 0.01953125 0.034722222222222224 
0 0.399609375 0.5215277777777778 0.01328125 0.02638888888888889 
0 0.554296875 0.5034722222222222 0.01328125 0.020833333333333332 
0 0.394140625 0.4965277777777778 0.00703125 0.02361111111111111 
0 0.55546875 0.4666666666666667 0.0078125 0.013888888888888888 
0 0.55546875 0.4666666666666667 0.0078125 0.013888888888888888 
0 0.573828125 0.4666666666666667 0.00859375 0.019444444444444445 
0 0.573828125 0.4666666666666667 0.00859375 0.019444444444444445 
0 0.462109375 0.44305555555555554 0.01171875 0.025 
0 0.462109375 0.44305555555555554 0.01171875 0.025 
