0 0.280859375 0.6673611111111111 0.03046875 0.05694444444444444 
0 0.28046875 0.6673611111111111 0.028125 0.05694444444444444 
0 0.609375 0.5930555555555556 0.0234375 0.03888888888888889 
0 0.609375 0.5930555555555556 0.0234375 0.03888888888888889 
0 0.309765625 0.5673611111111111 0.01328125 0.0375 
0 0.309765625 0.5673611111111111 0.01328125 0.0375 
0 0.611328125 0.49027777777777776 0.01171875 0.025 
0 0.611328125 0.49027777777777776 0.01171875 0.025 
0 0.57890625 0.4826388888888889 0.0109375 0.0125 
0 0.45078125 0.4465277777777778 0.015625 0.03194444444444444 
