0 0.712109375 0.6736111111111112 0.05078125 0.05 
0 0.712109375 0.6736111111111112 0.05078125 0.05 
0 0.594140625 0.4583333333333333 0.02265625 0.030555555555555555 
0 0.4859375 0.4444444444444444 0.00625 0.016666666666666666 
0 0.5703125 0.4305555555555556 0.0078125 0.013888888888888888 
0 0.570703125 0.4305555555555556 0.00703125 0.013888888888888888 
0 0.491796875 0.4270833333333333 0.00703125 0.0125 
0 0.491796875 0.4270833333333333 0.00703125 0.0125 
0 0.558203125 0.41944444444444445 0.00546875 0.011111111111111112 
0 0.558203125 0.41944444444444445 0.00546875 0.011111111111111112 
