0 0.252734375 0.7416666666666667 0.03828125 0.07222222222222222 
0 0.250390625 0.7402777777777778 0.03984375 0.075 
0 0.655078125 0.6375 0.03046875 0.04722222222222222 
0 0.655078125 0.6375 0.03046875 0.04722222222222222 
0 0.301953125 0.5951388888888889 0.01484375 0.04583333333333333 
0 0.3015625 0.5951388888888889 0.0140625 0.04583333333333333 
0 0.642578125 0.5027777777777778 0.01328125 0.027777777777777776 
0 0.642578125 0.5027777777777778 0.01328125 0.027777777777777776 
0 0.60546875 0.49375 0.0125 0.015277777777777777 
0 0.466015625 0.45416666666666666 0.01484375 0.027777777777777776 
