0 0.31640625 0.6368055555555555 0.028125 0.05138888888888889 
0 0.31640625 0.6361111111111111 0.028125 0.05 
0 0.616796875 0.5777777777777777 0.02421875 0.03611111111111111 
0 0.336328125 0.5513888888888889 0.01328125 0.03611111111111111 
0 0.336328125 0.5513888888888889 0.01328125 0.03611111111111111 
0 0.59140625 0.4777777777777778 0.0109375 0.011111111111111112 
0 0.623046875 0.4847222222222222 0.01484375 0.027777777777777776 
0 0.623046875 0.4840277777777778 0.01484375 0.02638888888888889 
0 0.466796875 0.44305555555555554 0.01328125 0.030555555555555555 
0 0.465625 0.44375 0.0140625 0.029166666666666667 
