0 0.334765625 0.5708333333333333 0.02109375 0.03888888888888889 
0 0.334375 0.5708333333333333 0.021875 0.03888888888888889 
0 0.572265625 0.5284722222222222 0.01796875 0.02638888888888889 
0 0.571875 0.5270833333333333 0.01875 0.02638888888888889 
0 0.3421875 0.5145833333333333 0.0109375 0.03194444444444444 
0 0.3421875 0.5145833333333333 0.0109375 0.03194444444444444 
0 0.58671875 0.46111111111111114 0.0125 0.022222222222222223 
0 0.58671875 0.46111111111111114 0.0125 0.022222222222222223 
0 0.56015625 0.45416666666666666 0.009375 0.011111111111111112 
0 0.560546875 0.45555555555555555 0.01015625 0.013888888888888888 
0 0.447265625 0.4284722222222222 0.01328125 0.02638888888888889 
