0 0.278125 0.6715277777777777 0.0296875 0.059722222222222225 
0 0.61171875 0.5951388888888889 0.0234375 0.0375 
0 0.6109375 0.5944444444444444 0.0234375 0.03611111111111111 
0 0.308984375 0.56875 0.01484375 0.04027777777777778 
0 0.6125 0.49166666666666664 0.0125 0.025 
0 0.6125 0.49166666666666664 0.0125 0.025 
0 0.5796875 0.48333333333333334 0.0109375 0.011111111111111112 
0 0.5796875 0.4826388888888889 0.0109375 0.009722222222222222 
0 0.45078125 0.44722222222222224 0.0125 0.030555555555555555 
0 0.45078125 0.44722222222222224 0.0125 0.030555555555555555 
