0 0.066796875 0.86875 0.02734375 0.07916666666666666 
0 0.330078125 0.5861111111111111 0.01953125 0.03611111111111111 
0 0.33046875 0.5854166666666667 0.0203125 0.0375 
0 0.558203125 0.5479166666666667 0.01796875 0.02361111111111111 
0 0.558203125 0.5479166666666667 0.01796875 0.02361111111111111 
0 0.334765625 0.5340277777777778 0.01015625 0.03194444444444444 
0 0.546875 0.4798611111111111 0.009375 0.0125 
0 0.572265625 0.4840277777777778 0.01171875 0.02361111111111111 
0 0.572265625 0.4840277777777778 0.01171875 0.02361111111111111 
0 0.436328125 0.45069444444444445 0.01171875 0.029166666666666667 
0 0.436328125 0.45069444444444445 0.01171875 0.029166666666666667 
