0 0.6453125 0.5763888888888888 0.034375 0.03888888888888889 
0 0.6453125 0.5763888888888888 0.034375 0.03888888888888889 
0 0.587890625 0.4486111111111111 0.01796875 0.022222222222222223 
0 0.58671875 0.44722222222222224 0.01875 0.025 
0 0.490625 0.4388888888888889 0.00625 0.013888888888888888 
0 0.490625 0.4388888888888889 0.00625 0.013888888888888888 
0 0.4953125 0.4236111111111111 0.00625 0.011111111111111112 
0 0.56875 0.42430555555555555 0.0078125 0.015277777777777777 
0 0.56875 0.42430555555555555 0.0078125 0.015277777777777777 
0 0.55859375 0.41388888888888886 0.00625 0.013888888888888888 
0 0.558203125 0.41388888888888886 0.00546875 0.013888888888888888 
