0 0.308984375 0.5618055555555556 0.01640625 0.029166666666666667 
0 0.308984375 0.5618055555555556 0.01640625 0.029166666666666667 
0 0.375390625 0.5076388888888889 0.01328125 0.020833333333333332 
0 0.509765625 0.49236111111111114 0.01328125 0.018055555555555554 
0 0.509765625 0.49236111111111114 0.01328125 0.018055555555555554 
0 0.374609375 0.4888888888888889 0.01484375 0.022222222222222223 
0 0.530078125 0.4618055555555556 0.00859375 0.020833333333333332 
0 0.530078125 0.4625 0.00859375 0.022222222222222223 
0 0.43046875 0.4465277777777778 0.0109375 0.02638888888888889 
0 0.430078125 0.4465277777777778 0.01171875 0.02638888888888889 
