0 0.32578125 0.5826388888888889 0.0171875 0.03194444444444444 
0 0.40078125 0.5125 0.003125 0.025 
0 0.406640625 0.5118055555555555 0.01171875 0.02638888888888889 
0 0.5515625 0.4965277777777778 0.0125 0.020833333333333332 
0 0.399609375 0.48819444444444443 0.00703125 0.020833333333333332 
0 0.399609375 0.48819444444444443 0.00703125 0.020833333333333332 
0 0.555078125 0.4625 0.00859375 0.013888888888888888 
0 0.57109375 0.46111111111111114 0.009375 0.019444444444444445 
0 0.462890625 0.4395833333333333 0.01171875 0.02361111111111111 
0 0.4625 0.4395833333333333 0.0109375 0.02361111111111111 
