0 0.694921875 0.6534722222222222 0.04296875 0.04861111111111111 
0 0.6953125 0.6527777777777778 0.0421875 0.04722222222222222 
0 0.5921875 0.45694444444444443 0.0203125 0.027777777777777776 
0 0.4859375 0.44375 0.00625 0.015277777777777777 
0 0.485546875 0.44375 0.00546875 0.015277777777777777 
0 0.56953125 0.4305555555555556 0.0078125 0.013888888888888888 
0 0.56953125 0.4305555555555556 0.0078125 0.013888888888888888 
0 0.491796875 0.4270833333333333 0.00703125 0.0125 
0 0.49140625 0.4270833333333333 0.00625 0.0125 
0 0.55703125 0.41805555555555557 0.00625 0.011111111111111112 
