0 0.333984375 0.5666666666666667 0.02109375 0.03888888888888889 
0 0.33359375 0.5673611111111111 0.021875 0.04027777777777778 
0 0.573828125 0.5256944444444445 0.01796875 0.02638888888888889 
0 0.57421875 0.5243055555555556 0.0171875 0.02638888888888889 
0 0.341796875 0.5111111111111111 0.00859375 0.027777777777777776 
0 0.341015625 0.5097222222222222 0.01015625 0.030555555555555555 
0 0.5875 0.45555555555555555 0.0109375 0.022222222222222223 
0 0.5875 0.45555555555555555 0.0109375 0.022222222222222223 
0 0.560546875 0.45 0.01171875 0.013888888888888888 
0 0.44765625 0.41944444444444445 0.0140625 0.030555555555555555 
