0 0.659765625 0.5979166666666667 0.03515625 0.04027777777777778 
0 0.659375 0.5979166666666667 0.0359375 0.04027777777777778 
0 0.5875 0.44930555555555557 0.0203125 0.02638888888888889 
0 0.5875 0.44930555555555557 0.0203125 0.02638888888888889 
0 0.487890625 0.4395833333333333 0.00703125 0.018055555555555554 
0 0.487890625 0.4395833333333333 0.00703125 0.018055555555555554 
0 0.566796875 0.4263888888888889 0.00703125 0.011111111111111112 
0 0.5671875 0.4263888888888889 0.00625 0.011111111111111112 
0 0.493359375 0.425 0.00703125 0.011111111111111112 
0 0.555859375 0.41388888888888886 0.00546875 0.011111111111111112 
