0 0.79296875 0.7923611111111111 0.065625 0.07916666666666666 
0 0.79296875 0.7923611111111111 0.065625 0.07916666666666666 
0 0.6015625 0.46805555555555556 0.0234375 0.030555555555555555 
0 0.48515625 0.4486111111111111 0.0078125 0.016666666666666666 
0 0.48515625 0.4486111111111111 0.0078125 0.016666666666666666 
0 0.5734375 0.43680555555555556 0.0078125 0.015277777777777777 
0 0.5734375 0.43680555555555556 0.0078125 0.015277777777777777 
0 0.490625 0.4305555555555556 0.00625 0.013888888888888888 
0 0.490625 0.4305555555555556 0.00625 0.013888888888888888 
0 0.559375 0.4215277777777778 0.00625 0.0125 
0 0.55234375 0.4173611111111111 0.00625 0.009722222222222222 
0 0.55234375 0.4173611111111111 0.00625 0.009722222222222222 
