0 0.751953125 0.7027777777777777 0.08671875 0.10555555555555556 
0 0.751953125 0.7027777777777777 0.08671875 0.10555555555555556 
0 0.390234375 0.5194444444444445 0.01171875 0.027777777777777776 
0 0.38984375 0.5194444444444445 0.0109375 0.027777777777777776 
0 0.559765625 0.47638888888888886 0.01328125 0.025 
0 0.559765625 0.47638888888888886 0.01328125 0.025 
0 0.42109375 0.45555555555555555 0.009375 0.016666666666666666 
0 0.5265625 0.4423611111111111 0.009375 0.018055555555555554 
0 0.526171875 0.4423611111111111 0.00859375 0.018055555555555554 
0 0.512890625 0.42916666666666664 0.00703125 0.013888888888888888 
0 0.512890625 0.42916666666666664 0.00703125 0.013888888888888888 
