0 0.348046875 0.5423611111111111 0.01484375 0.02638888888888889 
0 0.4046875 0.5006944444444444 0.009375 0.018055555555555554 
0 0.52734375 0.48680555555555555 0.0109375 0.018055555555555554 
0 0.526953125 0.4861111111111111 0.01015625 0.019444444444444445 
0 0.4046875 0.48333333333333334 0.009375 0.013888888888888888 
0 0.397265625 0.49166666666666664 0.00703125 0.03611111111111111 
0 0.54765625 0.4583333333333333 0.0078125 0.016666666666666666 
0 0.547265625 0.4583333333333333 0.00703125 0.016666666666666666 
0 0.45234375 0.44375 0.0078125 0.020833333333333332 
0 0.4515625 0.4423611111111111 0.009375 0.02361111111111111 
