0 0.74609375 0.7236111111111111 0.0546875 0.06111111111111111 
0 0.74609375 0.7236111111111111 0.0546875 0.06111111111111111 
0 0.6 0.4625 0.0234375 0.030555555555555555 
0 0.6 0.4625 0.0234375 0.030555555555555555 
0 0.486328125 0.44513888888888886 0.00703125 0.020833333333333332 
0 0.486328125 0.44513888888888886 0.00703125 0.020833333333333332 
0 0.57421875 0.43472222222222223 0.0078125 0.013888888888888888 
0 0.492578125 0.4284722222222222 0.00703125 0.0125 
0 0.492578125 0.4284722222222222 0.00703125 0.0125 
0 0.56015625 0.4201388888888889 0.00625 0.009722222222222222 
