0 0.602734375 0.4861111111111111 0.02734375 0.03611111111111111 
0 0.602734375 0.4861111111111111 0.02734375 0.03611111111111111 
0 0.46953125 0.45694444444444443 0.0078125 0.016666666666666666 
0 0.46953125 0.4576388888888889 0.0078125 0.018055555555555554 
0 0.565234375 0.44513888888888886 0.00859375 0.015277777777777777 
0 0.4765625 0.4361111111111111 0.00625 0.013888888888888888 
0 0.549609375 0.42916666666666664 0.00546875 0.011111111111111112 
0 0.549609375 0.42916666666666664 0.00546875 0.011111111111111112 
0 0.541015625 0.4222222222222222 0.00546875 0.011111111111111112 
0 0.541015625 0.4222222222222222 0.00546875 0.011111111111111112 
