0 0.1328125 0.9611111111111111 0.028125 0.07777777777777778 
0 0.1171875 0.9479166666666666 0.04375 0.10416666666666667 
0 0.674609375 0.5770833333333333 0.02265625 0.05138888888888889 
0 0.67421875 0.5770833333333333 0.0234375 0.05138888888888889 
0 0.40390625 0.5 0.0125 0.025 
0 0.40390625 0.49930555555555556 0.0125 0.02638888888888889 
0 0.574609375 0.4652777777777778 0.01171875 0.022222222222222223 
0 0.574609375 0.4652777777777778 0.01171875 0.022222222222222223 
0 0.55 0.43819444444444444 0.009375 0.015277777777777777 
0 0.549609375 0.43819444444444444 0.00859375 0.015277777777777777 
