0 0.26328125 0.6486111111111111 0.025 0.03888888888888889 
0 0.26328125 0.6486111111111111 0.025 0.03888888888888889 
0 0.38515625 0.5340277777777778 0.015625 0.029166666666666667 
0 0.38515625 0.5347222222222222 0.015625 0.027777777777777776 
0 0.558984375 0.5111111111111111 0.01484375 0.022222222222222223 
0 0.558984375 0.5111111111111111 0.01484375 0.022222222222222223 
0 0.38203125 0.5027777777777778 0.009375 0.027777777777777776 
0 0.557421875 0.46875 0.00859375 0.018055555555555554 
0 0.57734375 0.46805555555555556 0.009375 0.019444444444444445 
0 0.57734375 0.46805555555555556 0.009375 0.019444444444444445 
0 0.45859375 0.4409722222222222 0.0109375 0.02638888888888889 
0 0.45859375 0.4409722222222222 0.0109375 0.02638888888888889 
