0 0.626953125 0.5458333333333333 0.02890625 0.03333333333333333 
0 0.626953125 0.5458333333333333 0.02890625 0.03333333333333333 
0 0.582421875 0.4388888888888889 0.01796875 0.025 
0 0.581640625 0.4375 0.01953125 0.027777777777777776 
0 0.48984375 0.42986111111111114 0.00625 0.0125 
0 0.566015625 0.41805555555555557 0.00703125 0.013888888888888888 
0 0.566015625 0.41805555555555557 0.00703125 0.013888888888888888 
0 0.49453125 0.41597222222222224 0.00625 0.009722222222222222 
0 0.49453125 0.41597222222222224 0.00625 0.009722222222222222 
0 0.555859375 0.40694444444444444 0.00546875 0.011111111111111112 
