0 0.19140625 0.8229166666666666 0.05 0.09305555555555556 
0 0.1875 0.8215277777777777 0.0515625 0.09583333333333334 
0 0.668359375 0.6722222222222223 0.03359375 0.05277777777777778 
0 0.668359375 0.6722222222222223 0.03203125 0.05277777777777778 
0 0.26796875 0.6222222222222222 0.01875 0.05277777777777778 
0 0.26796875 0.6222222222222222 0.01875 0.05277777777777778 
0 0.63984375 0.5104166666666666 0.0140625 0.029166666666666667 
0 0.63984375 0.5104166666666666 0.0140625 0.029166666666666667 
0 0.59921875 0.49930555555555556 0.0125 0.0125 
0 0.59921875 0.49930555555555556 0.0125 0.0125 
0 0.453125 0.4548611111111111 0.015625 0.034722222222222224 
