0 0.31640625 0.5555555555555556 0.015625 0.027777777777777776 
0 0.31640625 0.5555555555555556 0.015625 0.027777777777777776 
0 0.3796875 0.50625 0.0109375 0.018055555555555554 
0 0.5078125 0.49027777777777776 0.0109375 0.019444444444444445 
0 0.5078125 0.49027777777777776 0.0109375 0.019444444444444445 
0 0.380078125 0.48819444444444443 0.01015625 0.015277777777777777 
0 0.372265625 0.4965277777777778 0.00703125 0.0375 
0 0.52890625 0.4618055555555556 0.009375 0.018055555555555554 
0 0.43046875 0.44583333333333336 0.0109375 0.025 
0 0.430078125 0.44583333333333336 0.01171875 0.025 
