0 0.17578125 0.7611111111111111 0.034375 0.058333333333333334 
0 0.17578125 0.7611111111111111 0.034375 0.058333333333333334 
0 0.363671875 0.5763888888888888 0.01640625 0.03333333333333333 
0 0.363671875 0.5763888888888888 0.01640625 0.03333333333333333 
0 0.565625 0.5493055555555556 0.0171875 0.02361111111111111 
0 0.565625 0.5493055555555556 0.0171875 0.020833333333333332 
0 0.364453125 0.5340277777777778 0.00859375 0.02638888888888889 
0 0.364453125 0.5340277777777778 0.00859375 0.02638888888888889 
0 0.582421875 0.4951388888888889 0.01015625 0.020833333333333332 
0 0.582421875 0.4951388888888889 0.01015625 0.020833333333333332 
0 0.56015625 0.49166666666666664 0.009375 0.013888888888888888 
0 0.454296875 0.46319444444444446 0.01015625 0.02361111111111111 
0 0.454296875 0.46319444444444446 0.01015625 0.02361111111111111 
