0 0.6015625 0.48125 0.0265625 0.034722222222222224 
0 0.47578125 0.4583333333333333 0.00625 0.016666666666666666 
0 0.47578125 0.4583333333333333 0.00625 0.016666666666666666 
0 0.56875 0.44375 0.0078125 0.018055555555555554 
0 0.56875 0.44375 0.0078125 0.018055555555555554 
0 0.481640625 0.4361111111111111 0.00703125 0.013888888888888888 
0 0.481640625 0.4361111111111111 0.00703125 0.013888888888888888 
0 0.552734375 0.4305555555555556 0.00703125 0.011111111111111112 
0 0.552734375 0.4305555555555556 0.00703125 0.011111111111111112 
0 0.544921875 0.4236111111111111 0.00546875 0.013888888888888888 
