0 0.32734375 0.5805555555555556 0.021875 0.041666666666666664 
0 0.579296875 0.5361111111111111 0.01796875 0.027777777777777776 
0 0.579296875 0.5354166666666667 0.01796875 0.02638888888888889 
0 0.3359375 0.5159722222222223 0.0109375 0.03194444444444444 
0 0.3359375 0.5159722222222223 0.0109375 0.03194444444444444 
0 0.563671875 0.45625 0.00859375 0.009722222222222222 
0 0.563671875 0.45625 0.00859375 0.009722222222222222 
0 0.590625 0.46041666666666664 0.0109375 0.02361111111111111 
0 0.590625 0.46041666666666664 0.0109375 0.02361111111111111 
0 0.446484375 0.42430555555555555 0.01171875 0.029166666666666667 
