0 0.36171875 0.5416666666666666 0.0140625 0.025 
0 0.36171875 0.5416666666666666 0.0140625 0.025 
0 0.541796875 0.4840277777777778 0.01171875 0.015277777777777777 
0 0.541796875 0.4840277777777778 0.01171875 0.015277777777777777 
0 0.414453125 0.4888888888888889 0.01640625 0.03611111111111111 
0 0.414453125 0.4888888888888889 0.01640625 0.03611111111111111 
0 0.5609375 0.45625 0.009375 0.018055555555555554 
0 0.5609375 0.45625 0.009375 0.018055555555555554 
0 0.46328125 0.44027777777777777 0.0109375 0.025 
0 0.46328125 0.44027777777777777 0.0109375 0.025 
