0 0.60234375 0.4826388888888889 0.0265625 0.034722222222222224 
0 0.60234375 0.4826388888888889 0.0265625 0.034722222222222224 
0 0.4734375 0.4576388888888889 0.0078125 0.018055555555555554 
0 0.5671875 0.4465277777777778 0.0078125 0.015277777777777777 
0 0.4796875 0.4361111111111111 0.0078125 0.013888888888888888 
0 0.4796875 0.4361111111111111 0.0078125 0.013888888888888888 
0 0.55234375 0.43125 0.00625 0.0125 
0 0.55234375 0.43125 0.00625 0.0125 
0 0.54375 0.42291666666666666 0.00625 0.009722222222222222 
0 0.54375 0.42291666666666666 0.00625 0.009722222222222222 
