0 0.361328125 0.6298611111111111 0.02578125 0.04861111111111111 
0 0.36171875 0.6291666666666667 0.0265625 0.05 
0 0.646484375 0.5784722222222223 0.02265625 0.034722222222222224 
0 0.646484375 0.5777777777777777 0.02265625 0.03333333333333333 
0 0.369140625 0.5506944444444445 0.01328125 0.0375 
0 0.369140625 0.5506944444444445 0.01328125 0.0375 
0 0.64140625 0.49027777777777776 0.0125 0.027777777777777776 
0 0.64140625 0.49027777777777776 0.0125 0.027777777777777776 
0 0.60703125 0.48194444444444445 0.009375 0.013888888888888888 
0 0.60703125 0.48194444444444445 0.009375 0.013888888888888888 
0 0.4796875 0.44722222222222224 0.0125 0.030555555555555555 
