0 0.6546875 0.5916666666666667 0.0359375 0.03888888888888889 
0 0.6546875 0.5916666666666667 0.0359375 0.03888888888888889 
0 0.587890625 0.45069444444444445 0.01796875 0.02361111111111111 
0 0.587109375 0.44930555555555557 0.01953125 0.02638888888888889 
0 0.48828125 0.43819444444444444 0.00625 0.015277777777777777 
0 0.487890625 0.43819444444444444 0.00546875 0.015277777777777777 
0 0.56796875 0.4263888888888889 0.00625 0.013888888888888888 
0 0.56796875 0.4263888888888889 0.00625 0.013888888888888888 
0 0.493359375 0.425 0.00703125 0.011111111111111112 
0 0.49296875 0.425 0.00625 0.011111111111111112 
0 0.556640625 0.41458333333333336 0.00546875 0.0125 
0 0.55 0.4111111111111111 0.00625 0.011111111111111112 
