0 0.322265625 0.6298611111111111 0.02578125 0.04861111111111111 
0 0.321875 0.6298611111111111 0.0265625 0.04861111111111111 
0 0.614453125 0.5722222222222222 0.02109375 0.03333333333333333 
0 0.614453125 0.5715277777777777 0.02109375 0.03194444444444444 
0 0.3390625 0.5486111111111112 0.0125 0.03611111111111111 
0 0.3390625 0.5486111111111112 0.0125 0.03611111111111111 
0 0.6203125 0.48333333333333334 0.0125 0.025 
0 0.620703125 0.48333333333333334 0.01171875 0.025 
0 0.59140625 0.47638888888888886 0.0125 0.011111111111111112 
0 0.46640625 0.4409722222222222 0.0140625 0.029166666666666667 
0 0.465625 0.4423611111111111 0.0140625 0.03194444444444444 
