0 0.259375 0.7284722222222222 0.0390625 0.07083333333333333 
0 0.259375 0.7284722222222222 0.0390625 0.07083333333333333 
0 0.651171875 0.6326388888888889 0.02890625 0.043055555555555555 
0 0.651171875 0.6326388888888889 0.02890625 0.043055555555555555 
0 0.305859375 0.5916666666666667 0.01484375 0.04722222222222222 
0 0.604296875 0.4951388888888889 0.01171875 0.0125 
0 0.6421875 0.5013888888888889 0.0140625 0.030555555555555555 
0 0.6421875 0.5013888888888889 0.0140625 0.030555555555555555 
0 0.46640625 0.4534722222222222 0.0140625 0.03194444444444444 
0 0.46640625 0.4534722222222222 0.0140625 0.03194444444444444 
