0 0.617578125 0.5381944444444444 0.02734375 0.03194444444444444 
0 0.617578125 0.5381944444444444 0.02734375 0.03194444444444444 
0 0.576171875 0.4354166666666667 0.01796875 0.02361111111111111 
0 0.576171875 0.4354166666666667 0.01796875 0.02361111111111111 
0 0.485546875 0.4305555555555556 0.00546875 0.013888888888888888 
0 0.4859375 0.4305555555555556 0.00625 0.013888888888888888 
0 0.56171875 0.41597222222222224 0.0078125 0.0125 
0 0.56171875 0.41597222222222224 0.0078125 0.0125 
0 0.49140625 0.41597222222222224 0.00625 0.0125 
0 0.49140625 0.41597222222222224 0.00625 0.0125 
