0 0.700390625 0.6604166666666667 0.04453125 0.05138888888888889 
0 0.700390625 0.6604166666666667 0.04453125 0.05138888888888889 
0 0.593359375 0.4576388888888889 0.02109375 0.029166666666666667 
0 0.593359375 0.4576388888888889 0.02109375 0.029166666666666667 
0 0.4859375 0.44513888888888886 0.00625 0.015277777777777777 
0 0.4859375 0.44513888888888886 0.00625 0.015277777777777777 
0 0.5703125 0.43125 0.0078125 0.015277777777777777 
0 0.5703125 0.43125 0.0078125 0.015277777777777777 
0 0.49140625 0.4284722222222222 0.00625 0.0125 
0 0.49140625 0.4284722222222222 0.00625 0.0125 
0 0.5578125 0.41944444444444445 0.00625 0.011111111111111112 
0 0.5578125 0.41944444444444445 0.00625 0.011111111111111112 
