0 0.31484375 0.5652777777777778 0.0171875 0.030555555555555555 
0 0.31484375 0.5652777777777778 0.0171875 0.030555555555555555 
0 0.527734375 0.49027777777777776 0.01015625 0.016666666666666666 
0 0.526953125 0.4888888888888889 0.01171875 0.019444444444444445 
0 0.390234375 0.48333333333333334 0.00859375 0.013888888888888888 
0 0.386328125 0.4951388888888889 0.01640625 0.043055555555555555 
0 0.54765625 0.45694444444444443 0.009375 0.022222222222222223 
0 0.547265625 0.45694444444444443 0.00859375 0.022222222222222223 
0 0.4453125 0.4388888888888889 0.0125 0.027777777777777776 
0 0.4453125 0.4388888888888889 0.0125 0.027777777777777776 
