0 0.620703125 0.5423611111111111 0.03046875 0.03194444444444444 
0 0.620703125 0.5423611111111111 0.03046875 0.03194444444444444 
0 0.57890625 0.4375 0.0171875 0.025 
0 0.487890625 0.4305555555555556 0.00546875 0.013888888888888888 
0 0.4875 0.4305555555555556 0.0046875 0.013888888888888888 
0 0.57734375 0.4361111111111111 0.0171875 0.027777777777777776 
0 0.5625 0.4173611111111111 0.0078125 0.0125 
0 0.5625 0.4173611111111111 0.0078125 0.0125 
0 0.4921875 0.41597222222222224 0.00625 0.0125 
0 0.4921875 0.41597222222222224 0.00625 0.0125 
0 0.55078125 0.40694444444444444 0.0109375 0.011111111111111112 
0 0.55078125 0.40694444444444444 0.0109375 0.011111111111111112 
