0 0.312109375 0.6527777777777778 0.02421875 0.041666666666666664 
0 0.31171875 0.6520833333333333 0.0234375 0.04027777777777778 
0 0.425390625 0.5368055555555555 0.01484375 0.029166666666666667 
0 0.425 0.5368055555555555 0.0140625 0.029166666666666667 
0 0.600390625 0.5166666666666667 0.01484375 0.022222222222222223 
0 0.419140625 0.50625 0.00859375 0.02638888888888889 
0 0.419140625 0.50625 0.00859375 0.02638888888888889 
0 0.615234375 0.4722222222222222 0.01015625 0.022222222222222223 
0 0.615234375 0.4722222222222222 0.01015625 0.022222222222222223 
0 0.491796875 0.4444444444444444 0.01171875 0.027777777777777776 
0 0.491796875 0.4444444444444444 0.01171875 0.027777777777777776 
