0 0.70546875 0.6659722222222222 0.0453125 0.05416666666666667 
0 0.70546875 0.6666666666666666 0.0453125 0.05555555555555555 
0 0.594140625 0.4576388888888889 0.02265625 0.029166666666666667 
0 0.486328125 0.4444444444444444 0.00703125 0.016666666666666666 
0 0.486328125 0.4444444444444444 0.00703125 0.016666666666666666 
0 0.570703125 0.43194444444444446 0.00703125 0.013888888888888888 
0 0.570703125 0.43194444444444446 0.00703125 0.013888888888888888 
0 0.4921875 0.4270833333333333 0.00625 0.0125 
0 0.491796875 0.4270833333333333 0.00546875 0.0125 
0 0.558203125 0.41944444444444445 0.00546875 0.011111111111111112 
0 0.558203125 0.41944444444444445 0.00546875 0.011111111111111112 
