0 0.255078125 0.7347222222222223 0.03828125 0.06944444444444445 
0 0.25234375 0.7333333333333333 0.0421875 0.07222222222222222 
0 0.651953125 0.6333333333333333 0.02890625 0.044444444444444446 
0 0.651953125 0.6333333333333333 0.02890625 0.044444444444444446 
0 0.302734375 0.5916666666666667 0.01640625 0.044444444444444446 
0 0.302734375 0.5916666666666667 0.01640625 0.044444444444444446 
0 0.641796875 0.5020833333333333 0.01328125 0.029166666666666667 
0 0.641796875 0.5020833333333333 0.01328125 0.029166666666666667 
0 0.60390625 0.49236111111111114 0.0125 0.0125 
0 0.60390625 0.49236111111111114 0.0125 0.0125 
0 0.46640625 0.45208333333333334 0.0140625 0.03194444444444444 
