0 0.709375 0.6513888888888889 0.0734375 0.08888888888888889 
0 0.708984375 0.6513888888888889 0.07421875 0.08888888888888889 
0 0.399609375 0.5097222222222222 0.00546875 0.022222222222222223 
0 0.55546875 0.4722222222222222 0.0125 0.025 
0 0.423046875 0.45069444444444445 0.01015625 0.018055555555555554 
0 0.423046875 0.45069444444444445 0.01015625 0.018055555555555554 
0 0.524609375 0.44027777777777777 0.00859375 0.013888888888888888 
0 0.524609375 0.44027777777777777 0.00859375 0.013888888888888888 
0 0.51171875 0.4284722222222222 0.0078125 0.015277777777777777 
0 0.51171875 0.4284722222222222 0.0078125 0.015277777777777777 
