0 0.29765625 0.5791666666666667 0.01875 0.030555555555555555 
0 0.29765625 0.5791666666666667 0.01875 0.030555555555555555 
0 0.374609375 0.5118055555555555 0.00234375 0.02361111111111111 
0 0.38125 0.5111111111111111 0.0125 0.025 
0 0.52578125 0.49444444444444446 0.0125 0.019444444444444445 
0 0.37890625 0.4888888888888889 0.015625 0.022222222222222223 
0 0.546484375 0.46041666666666664 0.00859375 0.018055555555555554 
0 0.546484375 0.46041666666666664 0.00859375 0.018055555555555554 
0 0.4421875 0.4395833333333333 0.0109375 0.02361111111111111 
0 0.4421875 0.44027777777777777 0.0109375 0.025 
