0 0.18359375 0.7583333333333333 0.034375 0.05555555555555555 
0 0.183984375 0.7604166666666666 0.03359375 0.059722222222222225 
0 0.364453125 0.58125 0.01953125 0.034722222222222224 
0 0.565234375 0.5541666666666667 0.01484375 0.022222222222222223 
0 0.565234375 0.5534722222222223 0.01484375 0.020833333333333332 
0 0.365234375 0.5395833333333333 0.01171875 0.02638888888888889 
0 0.365234375 0.5395833333333333 0.01171875 0.02638888888888889 
0 0.58203125 0.49930555555555556 0.0109375 0.020833333333333332 
0 0.581640625 0.49930555555555556 0.01015625 0.020833333333333332 
0 0.559375 0.49583333333333335 0.009375 0.013888888888888888 
0 0.453515625 0.46875 0.01171875 0.02638888888888889 
