0 0.78359375 0.7777777777777778 0.0578125 0.07222222222222222 
0 0.78359375 0.7777777777777778 0.0578125 0.07222222222222222 
0 0.60234375 0.46597222222222223 0.0234375 0.029166666666666667 
0 0.4859375 0.4486111111111111 0.00625 0.016666666666666666 
0 0.4859375 0.4486111111111111 0.00625 0.016666666666666666 
0 0.57421875 0.4354166666666667 0.0078125 0.0125 
0 0.57421875 0.4354166666666667 0.0078125 0.0125 
0 0.491796875 0.42986111111111114 0.00703125 0.0125 
0 0.56015625 0.4215277777777778 0.00625 0.0125 
0 0.56015625 0.4215277777777778 0.00625 0.0125 
